0.00267706 -9.52372e-10 -6.2198e-06 -3.50299e-10 1.08667e-08 -4.07475e-09
0.0141008 6.96597e-10 -1.54284e-06 -3.07818e-10 3.01476e-07 -2.06277e-09
0.0346348 4.85428e-09 6.14241e-07 -3.83902e-10 1.81847e-06 -1.64279e-09
0.0642522 1.7025e-08 5.49388e-06 -4.12312e-10 6.25488e-06 -1.54017e-09
0.102909 4.39319e-08 1.54996e-05 -4.39637e-10 1.60257e-05 -1.54293e-09
0.150545 9.43952e-08 3.37036e-05 -4.70122e-10 3.42186e-05 -1.59296e-09
0.207089 -5.03592e-10 6.40129e-05 -5.02485e-10 6.45047e-05 -1.66782e-09
0.272455 -5.36858e-10 0.000110519 -5.3587e-10 0.000110995 -1.75627e-09
0.346543 -5.70421e-10 0.000177484 -5.69711e-10 0.000178021 -1.85143e-09
0.429241 -6.03594e-10 0.000269214 -6.03121e-10 0.000269834 -1.9486e-09
0.520421 -6.35742e-10 0.000389432 -6.35268e-10 0.000390201 -2.04435e-09
0.619947 -6.66146e-10 0.000540962 -6.65723e-10 0.000541919 -2.13623e-09
0.727665 -6.94421e-10 0.000725055 -6.94088e-10 0.000726245 -2.22245e-09
0.843412 -7.20232e-10 0.00094087 -7.19897e-10 0.000942309 -2.30177e-09
0.967011 -7.4338e-10 0.00118485 -7.43012e-10 0.00118654 -2.37331e-09
1.09828 -7.63662e-10 0.0014503 -7.63366e-10 0.00145222 -2.43638e-09
1.237 -7.80893e-10 0.00172714 -7.8057e-10 0.00172925 -2.49029e-09
1.38299 -7.94824e-10 0.00200203 -7.94439e-10 0.00200427 -2.53418e-09
1.536 -8.05084e-10 0.00225884 -8.04769e-10 0.0022611 -2.56683e-09
1.69581 -8.11149e-10 0.00247966 -8.10752e-10 0.00248183 -2.58651e-09
1.86217 -8.12295e-10 0.00264625 -8.11849e-10 0.00264821 -2.59089e-09
2.03484 -8.0761e-10 0.00274195 -8.07218e-10 0.00274356 -2.577e-09
2.21355 -7.96014e-10 0.00275368 -7.95446e-10 0.00275483 -2.54132e-09
2.39802 -7.76364e-10 0.00267407 -7.7587e-10 0.00267467 -2.48009e-09
2.58797 -7.47608e-10 0.00250309 -7.4698e-10 0.00250312 -2.38982e-09
2.78312 -7.09019e-10 0.00224908 -7.08374e-10 0.00224857 -2.26803e-09
2.98318 -6.60474e-10 0.00192873 -6.59797e-10 0.00192777 -2.11412e-09
3.18782 -6.02708e-10 0.00156587 -6.01964e-10 0.00156464 -1.93031e-09
3.39675 -5.37469e-10 0.00118924 -5.36786e-10 0.00118793 -1.72208e-09
3.60964 -4.67458e-10 0.000829143 -4.66735e-10 0.000827958 -1.49808e-09
3.82617 -3.9603e-10 0.000513722 -3.95394e-10 0.000512848 -1.26915e-09
4.04601 -3.26686e-10 0.000265274 -3.26148e-10 0.000264845 -1.04665e-09
4.26883 -2.62517e-10 9.72825e-05 -2.61999e-10 9.73533e-05 -8.40667e-10
4.49429 -2.05763e-10 1.27075e-05 -2.05448e-10 1.32483e-05 -6.58499e-10
4.72203 -1.57616e-10 3.90679e-06 -1.57245e-10 4.81933e-06 -5.04033e-10
4.95173 -1.18273e-10 5.42603e-05 -1.18115e-10 5.53884e-05 -3.77909e-10
5.18302 -8.7166e-11 0.000141184 -8.69798e-11 0.000142344 -2.78285e-10
5.41555 -6.32617e-11 0.000240016 -6.31413e-11 0.000241033 -2.01804e-10
5.64897 -4.53301e-11 0.000328048 -4.52746e-11 0.000328779 -1.4449e-10
5.88293 -3.21469e-11 0.00038794 -3.20582e-11 0.000388302 -1.02394e-10
6.11707 -2.26136e-11 0.000409939 -2.25953e-11 0.000409913 -7.19801e-11
6.35103 -1.5811e-11 0.000392558 -1.57996e-11 0.000392192 -5.02957e-11
6.58445 -1.10077e-11 0.000341723 -1.09734e-11 0.000341117 -3.49963e-11
6.81698 -7.64365e-12 0.000268692 -7.64153e-12 0.000267981 -2.42881e-11
7.04827 -5.30152e-12 0.000187285 -5.30248e-12 0.000186608 -1.68376e-11
7.27797 -3.67763e-12 0.000111021 -3.66338e-12 0.000110499 -1.16747e-11
7.50571 -2.55455e-12 5.0728e-05 -2.55564e-12 5.04463e-05 -8.10588e-12
7.73117 -1.7787e-12 1.3018e-05 -1.79285e-12 1.30139e-05 -5.64164e-12
7.95399 -1.24265e-12 -2.24709e-07 -1.24592e-12 3.57997e-08 -3.93982e-12
8.17383 -8.71848e-13 8.58591e-06 -8.66313e-13 9.0569e-06 -2.76307e-12
8.39036 -6.14786e-13 3.38721e-05 -6.15307e-13 3.44698e-05 -1.9476e-12
8.60325 -4.36034e-13 6.83761e-05 -4.43025e-13 6.90058e-05 -1.38076e-12
8.81218 -3.11258e-13 0.000104663 -3.15664e-13 0.000105234 -9.85243e-13
9.01682 -2.2376e-13 0.000136353 -2.22787e-13 0.000136791 -7.08019e-13
9.21688 -1.62087e-13 0.000158925 -1.60825e-13 0.000159185 -5.12716e-13
9.41203 -1.18373e-13 0.000170042 -1.21747e-13 0.000170104 -3.74348e-13
9.60198 -8.72058e-14 0.000169443 -9.51083e-14 0.000169317 -2.75715e-13
9.78645 -6.48506e-14 0.000158541 -7.36386e-14 0.000158257 -2.04945e-13
9.96516 -4.87115e-14 0.000139845 -5.4874e-14 0.000139449 -1.53814e-13
10.1378 -3.69733e-14 0.000116365 -3.92041e-14 0.000115909 -1.16604e-13
10.3042 -2.83567e-14 9.10889e-05 -2.74379e-14 9.06239e-05 -8.93194e-14
10.464 -2.19617e-14 6.66004e-05 -1.96143e-14 6.61719e-05 -6.91569e-14
10.617 -1.71632e-14 4.4853e-05 -1.49935e-14 4.44963e-05 -5.41383e-14
10.763 -1.35391e-14 2.70921e-05 -1.25211e-14 2.68312e-05 -4.28597e-14
10.9017 -1.08007e-14 1.38926e-05 -1.12395e-14 1.37401e-05 -3.43195e-14
11.033 -8.74913e-15 5.27056e-06 -1.04772e-14 5.22924e-06 -2.77985e-14
11.1566 -7.22643e-15 8.3236e-07 -9.85562e-15 8.967e-07 -2.27774e-14
11.2723 -6.08241e-15 -7.28812e-08 -9.2131e-15 8.61099e-08 -1.88789e-14
11.3801 -5.18179e-15 1.78339e-06 -8.51473e-15 2.02267e-06 -1.58272e-14
11.4796 -4.40844e-15 5.61601e-06 -7.78369e-15 5.92007e-06 -1.34199e-14
11.5708 -3.70284e-15 1.07008e-05 -7.05939e-15 1.10545e-05 -1.15079e-14
11.6535 -3.06658e-15 1.64185e-05 -6.37711e-15 1.68079e-05 -9.98062e-15
11.7275 -2.55366e-15 2.22727e-05 -5.76112e-15 2.26858e-05 -8.75645e-15
11.7929 -2.22777e-15 2.78891e-05 -5.22455e-15 2.83164e-05 -7.77492e-15
11.8495 -2.11145e-15 3.30032e-05 -4.77197e-15 3.34376e-05 -6.99153e-15
11.8971 -2.15715e-15 3.74414e-05 -4.40245e-15 3.7878e-05 -6.37373e-15
11.9357 -2.24772e-15 4.10989e-05 -4.11214e-15 4.15347e-05 -5.89803e-15
11.9654 -2.2399e-15 4.39199e-05 -3.89618e-15 4.43536e-05 -5.54783e-15
11.9859 -2.02996e-15 4.58793e-05 -3.74999e-15 4.63107e-05 -5.31183e-15
11.9973 -1.53669e-15 4.69692e-05 -3.66996e-15 4.73991e-05 -5.18283e-15
