0.00267706 0.000550904 1.07607e-05 2.92925e-15 9.56084e-07
0.0141008 -4.30339e-06 2.99701e-06 2.25469e-12 4.35637e-07
0.0346348 8.93477e-07 9.96366e-07 8.2054e-11 3.08479e-07
0.0642522 1.01125e-06 6.49175e-07 9.71476e-10 3.15444e-07
0.102909 1.82597e-06 9.72417e-07 6.38719e-09 6.27541e-07
0.150545 3.07643e-06 1.46145e-06 2.92056e-08 1.95812e-06
0.207089 5.6691e-06 3.31882e-06 1.04292e-07 6.07225e-06
0.272455 1.09361e-05 8.14398e-06 3.1115e-07 1.64137e-05
0.346543 2.15909e-05 1.78518e-05 8.09356e-07 3.85828e-05
0.429241 4.16062e-05 3.55759e-05 1.88869e-06 8.07695e-05
0.520421 7.64728e-05 6.54795e-05 4.03375e-06 0.00015459
0.619947 0.000133215 0.000113484 7.99929e-06 0.000276499
0.727665 0.000220497 0.000186905 1.48879e-05 0.000468975
0.843412 0.000348327 0.000293019 2.62154e-05 0.000759799
0.967011 0.000526362 0.000436778 4.39447e-05 0.00117723
1.09828 0.000760022 0.000618188 7.04611e-05 0.0017394
1.237 0.00104495 0.000830297 0.000108465 0.00243897
1.38299 0.00136219 0.00105678 0.000160755 0.00322968
1.536 0.00167688 0.00127214 0.000229891 0.00402318
1.69581 0.00194187 0.00144418 0.000317743 0.00469993
1.86217 0.00210583 0.00153976 0.000424955 0.00513089
2.03484 0.00212571 0.00153396 0.000550386 0.00520882
2.21355 0.00198097 0.00141713 0.000690624 0.00488542
2.39802 0.0016853 0.00120261 0.000839693 0.00420175
2.58797 0.00128886 0.000924768 0.000989056 0.00328957
2.78312 0.000867311 0.000632371 0.00112803 0.00233388
2.98318 0.000500589 0.000378237 0.00124464 0.00151201
3.18782 0.000249036 0.000201425 0.00132692 0.000938024
3.39675 0.000136145 0.000119107 0.00136446 0.000636481
3.60964 0.000144831 0.000124996 0.0013501 0.000553321
3.82617 0.000228896 0.000190587 0.00128134 0.000594115
4.04601 0.000333968 0.000279564 0.00116131 0.000667901
4.26883 0.000417196 0.000360203 0.000998963 0.000715803
4.49429 0.000457078 0.00041051 0.000808332 0.000716723
4.72203 0.000452143 0.000421474 0.000606971 0.000676518
4.95173 0.000413224 0.000397968 0.000413659 0.000612345
5.18302 0.000355256 0.000351356 0.00024581 0.00054092
5.41555 0.00029195 0.00029416 0.000117009 0.000473351
5.64897 0.000233611 0.00023764 3.51313e-05 0.000414928
5.88293 0.000186785 0.000190417 1.39936e-06 0.000366897
6.11707 0.00015462 0.000157188 1.05535e-05 0.000328337
6.35103 0.00013739 0.000138731 5.2083e-05 0.00029747
6.58445 0.000133119 0.000133534 0.00011226 0.000272431
6.81698 0.000138288 0.000138178 0.000176564 0.000251637
7.04827 0.000148617 0.000148411 0.000232027 0.000233904
7.27797 0.000159833 0.000159852 0.000269083 0.000218418
7.50571 0.000168336 0.000168482 0.000282634 0.000204659
7.73117 0.000171656 0.000171775 0.000272224 0.000192299
7.95399 0.000168659 0.00016873 0.000241412 0.000181131
8.17383 0.000159507 0.000159366 0.000196559 0.000171015
8.39036 0.000145397 0.000145219 0.000145345 0.000161842
8.60325 0.000128194 0.000128199 9.53137e-05 0.000153519
8.81218 0.000110003 0.00011026 5.27091e-05 0.000145965
9.01682 9.28006e-05 9.32079e-05 2.17362e-05 0.000139103
9.21688 7.81476e-05 7.85853e-05 4.3017e-06 0.000132864
9.41203 6.70377e-05 6.74273e-05 1.70789e-07 0.000127184
9.60198 5.98611e-05 6.005e-05 7.42564e-06 0.000122007
9.78645 5.64715e-05 5.63923e-05 2.30794e-05 0.000117285
9.96516 5.6317e-05 5.61559e-05 4.37099e-05 0.000112972
10.1378 5.86007e-05 5.8653e-05 6.60067e-05 0.000109032
10.3042 6.24364e-05 6.2867e-05 8.71688e-05 0.00010543
10.464 6.69775e-05 6.77573e-05 0.000105131 0.000102138
10.617 7.15082e-05 7.25737e-05 0.000118634 9.91301e-05
10.763 7.54924e-05 7.67543e-05 0.000127165 9.6384e-05
10.9017 7.85868e-05 7.98896e-05 0.000130827 9.38796e-05
11.033 8.06267e-05 8.1796e-05 0.000130162 9.15995e-05
11.1566 8.15947e-05 8.24944e-05 0.000125977 8.95284e-05
11.2723 8.15807e-05 8.21233e-05 0.000119187 8.7652e-05
11.3801 8.07438e-05 8.08846e-05 0.000110698 8.59591e-05
11.4796 7.9276e-05 7.90139e-05 0.000101322 8.44381e-05
11.5708 7.73766e-05 7.67577e-05 9.17348e-05 8.30803e-05
11.6535 7.52323e-05 7.43412e-05 8.24552e-05 8.1877e-05
11.7275 7.30059e-05 7.19402e-05 7.38544e-05 8.08212e-05
11.7929 7.08314e-05 6.96783e-05 6.61718e-05 7.99068e-05
11.8495 6.8813e-05 6.76377e-05 5.95418e-05 7.91281e-05
11.8971 6.70287e-05 6.58723e-05 5.40208e-05 7.84813e-05
11.9357 6.55326e-05 6.44158e-05 4.96132e-05 7.79619e-05
11.9654 6.4362e-05 6.32889e-05 4.62942e-05 7.75679e-05
11.9859 6.35394e-05 6.25031e-05 4.40279e-05 7.72961e-05
11.9973 6.30785e-05 6.20647e-05 4.27807e-05 7.71458e-05
