0.195121 -0.0819681 -0.0778893 0.00407881 -0.101475
0.390242 -0.085069 -0.0523388 0.0327302 -0.109619
0.585361 -0.084438 0.0108365 0.0952745 -0.109956
0.78048 -0.0832325 0.0990858 0.182318 -0.108734
0.975597 -0.0817908 0.194566 0.276357 -0.107149
1.17071 -0.0800309 0.280611 0.360642 -0.105481
1.36583 -0.077979 0.345826 0.423805 -0.104201
1.56094 -0.0754532 0.385583 0.461037 -0.102835
1.75606 -0.0727437 0.400441 0.473185 -0.101874
1.95117 -0.0700137 0.394918 0.464931 -0.101154
2.14628 -0.0674806 0.375354 0.442835 -0.10057
2.34139 -0.0654224 0.348263 0.413686 -0.10032
2.5365 -0.0638843 0.31948 0.383364 -0.100199
2.73161 -0.0629125 0.293297 0.35621 -0.100365
2.92672 -0.0623298 0.272498 0.334828 -0.100647
3.12182 -0.0619541 0.258262 0.320216 -0.10111
3.31693 -0.0615596 0.250523 0.312083 -0.1018
3.51203 -0.0608755 0.248377 0.309253 -0.102582
3.70714 -0.0597435 0.250328 0.310072 -0.103507
3.90224 -0.0580676 0.254698 0.312765 -0.104563
4.09734 -0.0558588 0.259852 0.315711 -0.105786
4.29244 -0.0531782 0.264438 0.317617 -0.107075
4.48754 -0.0501999 0.267415 0.317614 -0.108469
4.68264 -0.0471307 0.268145 0.315275 -0.109959
4.87774 -0.0441936 0.266375 0.310568 -0.11154
5.07283 -0.0415984 0.262185 0.303783 -0.113203
5.26793 -0.0395242 0.255909 0.295433 -0.114978
5.46302 -0.0380684 0.248085 0.286153 -0.116789
5.65812 -0.0372863 0.239321 0.276607 -0.118666
5.85321 -0.0371552 0.230256 0.267411 -0.120603
6.0483 -0.0375894 0.221487 0.259077 -0.122596
6.24339 -0.0384513 0.213522 0.251973 -0.124639
6.43848 -0.0395683 0.206748 0.246316 -0.126728
6.63357 -0.0407506 0.201415 0.242166 -0.128857
6.82866 -0.0418139 0.197634 0.239447 -0.13105
7.02374 -0.0425799 0.195394 0.237974 -0.133247
7.21883 -0.0429151 0.194566 0.237481 -0.135472
7.41391 -0.0427241 0.194933 0.237657 -0.13772
7.609 -0.0419592 0.19622 0.238179 -0.139988
7.80408 -0.0406224 0.198114 0.238736 -0.14227
7.99916 -0.038762 0.200297 0.239059 -0.144562
8.19424 -0.0364671 0.202462 0.238929 -0.146862
8.38932 -0.0338581 0.204336 0.238195 -0.149164
8.5844 -0.0310768 0.205694 0.236771 -0.151466
8.77948 -0.0282746 0.206364 0.234639 -0.153764
8.97456 -0.0256014 0.206239 0.23184 -0.156053
9.16963 -0.0231957 0.20527 0.228466 -0.158332
9.36471 -0.0211749 0.203467 0.224642 -0.160595
9.55978 -0.0196294 0.200894 0.220523 -0.162863
9.75485 -0.0186167 0.197655 0.216272 -0.165089
