0.00267706 2.42233e-07 1.07539e-05 2.92925e-15 9.53551e-07
0.0141008 1.82628e-08 2.99807e-06 2.25469e-12 4.35535e-07
0.0346348 2.06328e-08 9.93986e-07 8.2054e-11 3.03329e-07
0.0642522 2.25274e-08 6.18349e-07 9.71476e-10 2.5523e-07
0.102909 3.14886e-08 7.76755e-07 6.38719e-09 2.38863e-07
0.150545 6.63855e-08 6.14053e-07 2.92056e-08 2.3907e-07
0.207089 1.72923e-07 5.3726e-07 1.04292e-07 2.51643e-07
0.272455 3.88399e-07 7.53354e-07 3.1115e-07 2.773e-07
0.346543 8.98231e-07 1.16442e-06 8.09356e-07 3.20413e-07
0.429241 1.99316e-06 2.2052e-06 1.88869e-06 3.89283e-07
0.520421 4.15886e-06 4.30342e-06 4.03375e-06 4.96976e-07
0.619947 8.15119e-06 8.2316e-06 7.99929e-06 6.62304e-07
0.727665 1.50735e-05 1.51011e-05 1.48879e-05 9.10551e-07
0.843412 2.6442e-05 2.64192e-05 2.62154e-05 1.27354e-06
0.967011 4.42183e-05 4.41578e-05 4.39447e-05 1.7886e-06
1.09828 7.07849e-05 7.06622e-05 7.04611e-05 2.49587e-06
1.237 0.000108836 0.000108628 0.000108465 3.43375e-06
1.38299 0.000161163 0.000160843 0.000160755 4.63226e-06
1.536 0.000230312 0.000229852 0.000229891 6.10464e-06
1.69581 0.000318136 0.000317519 0.000317743 7.83821e-06
1.86217 0.000425262 0.000424443 0.000424955 9.78605e-06
2.03484 0.000550525 0.000549508 0.000550386 1.18615e-05
2.21355 0.0006905 0.00068927 0.000690624 1.39387e-05
2.39802 0.000839198 0.000837774 0.000839693 1.58606e-05
2.58797 0.000988085 0.000986512 0.000989056 1.74565e-05
2.78312 0.0011265 0.00112482 0.00112803 1.85673e-05
2.98318 0.0012425 0.00124083 0.00124464 1.90754e-05
3.18782 0.0013242 0.00132263 0.00132692 1.89317e-05
3.39675 0.00136125 0.00135988 0.00136446 1.81693e-05
3.60964 0.00134659 0.00134552 0.0013501 1.69018e-05
3.82617 0.00127777 0.00127708 0.00128134 1.52982e-05
4.04601 0.00115798 0.0011577 0.00116131 1.3547e-05
4.26883 0.000996152 0.000996283 0.000998963 1.18184e-05
4.49429 0.000806274 0.000806767 0.000808332 1.02365e-05
4.72203 0.000605805 0.000606548 0.000606971 8.87015e-06
4.95173 0.000413405 0.000414267 0.000413659 7.73774e-06
5.18302 0.00024637 0.000247208 0.00024581 6.82269e-06
5.41555 0.000118183 0.000118862 0.000117009 6.08978e-06
5.64897 3.66561e-05 3.70689e-05 3.51313e-05 5.49901e-06
5.88293 2.99142e-06 3.07981e-06 1.39936e-06 5.01402e-06
6.11707 1.19548e-05 1.17182e-05 1.05535e-05 4.60605e-06
6.35103 5.30982e-05 5.25879e-05 5.2083e-05 4.2544e-06
6.58445 0.00011278 0.000112091 0.00011226 3.94525e-06
6.81698 0.000176572 0.000175823 0.000176564 3.66974e-06
7.04827 0.000231591 0.000230904 0.000232027 3.42231e-06
7.27797 0.000268332 0.000267812 0.000269083 3.19928e-06
7.50571 0.000281729 0.000281445 0.000282634 2.99798e-06
7.73117 0.00027133 0.000271305 0.000272224 2.81624e-06
7.95399 0.000240668 0.000240886 0.000241412 2.65213e-06
8.17383 0.000196063 0.000196466 0.000196559 2.50389e-06
8.39036 0.000145144 0.000145653 0.000145345 2.36982e-06
8.60325 9.54037e-05 9.59302e-05 9.53137e-05 2.24845e-06
8.81218 5.30447e-05 5.3506e-05 5.27091e-05 2.13836e-06
9.01682 2.2244e-05 2.25738e-05 2.17362e-05 2.03837e-06
9.21688 4.8953e-06 5.05188e-06 4.3017e-06 1.94739e-06
9.41203 7.65105e-07 7.3595e-07 1.70789e-07 1.86448e-06
9.60198 7.94796e-06 7.74515e-06 7.42564e-06 1.78885e-06
9.78645 2.34765e-05 2.31317e-05 2.30794e-05 1.71978e-06
9.96516 4.39508e-05 4.35099e-05 4.37099e-05 1.65665e-06
10.1378 6.60823e-05 6.55957e-05 6.60067e-05 1.59893e-06
10.3042 8.7088e-05 8.66046e-05 8.71688e-05 1.54615e-06
10.464 0.000104917 0.000104477 0.000105131 1.49789e-06
10.617 0.000118316 0.000117953 0.000118634 1.45379e-06
10.763 0.000126778 0.000126511 0.000127165 1.41352e-06
10.9017 0.000130404 0.000130244 0.000130827 1.37679e-06
11.033 0.000129733 0.000129679 0.000130162 1.34335e-06
11.1566 0.000125566 0.000125613 0.000125977 1.31297e-06
11.2723 0.000118812 0.000118949 0.000119187 1.28545e-06
11.3801 0.000110371 0.000110583 0.000110698 1.26063e-06
11.4796 0.00010105 0.000101322 0.000101322 1.23832e-06
11.5708 9.15194e-05 9.18365e-05 9.17348e-05 1.21841e-06
11.6535 8.22954e-05 8.26443e-05 8.24552e-05 1.20076e-06
11.7275 7.37462e-05 7.4116e-05 7.38544e-05 1.18528e-06
11.7929 6.61101e-05 6.64919e-05 6.61718e-05 1.17187e-06
11.8495 5.95201e-05 5.99075e-05 5.95418e-05 1.16045e-06
11.8971 5.40325e-05 5.44208e-05 5.40208e-05 1.15097e-06
11.9357 4.96514e-05 5.00382e-05 4.96132e-05 1.14335e-06
11.9654 4.63525e-05 4.67367e-05 4.62942e-05 1.13757e-06
11.9859 4.40998e-05 4.44816e-05 4.40279e-05 1.13358e-06
11.9973 4.28602e-05 4.32403e-05 4.27807e-05 1.13138e-06
