0.195121 -0.0811098 0.0207934 0.101903 -0.099821
0.390242 -0.0851136 0.431129 0.516243 -0.109466
0.585361 -0.0843226 0.838341 0.922664 -0.110007
0.78048 -0.0826055 0.981521 1.06413 -0.109395
0.975597 -0.0807117 0.900014 0.980725 -0.108799
1.17071 -0.0790793 0.751576 0.830655 -0.108094
1.36583 -0.0777773 0.64925 0.727027 -0.107514
1.56094 -0.0764144 0.618742 0.695156 -0.107612
1.75606 -0.0742235 0.630291 0.704514 -0.107881
1.95117 -0.0713144 0.64305 0.714365 -0.108729
2.14628 -0.0681491 0.633181 0.70133 -0.109745
2.34139 -0.0656607 0.598858 0.664519 -0.111237
2.5365 -0.0642568 0.552785 0.617042 -0.112877
2.73161 -0.063876 0.510529 0.574405 -0.114785
2.92672 -0.0638568 0.482546 0.546403 -0.116932
3.12182 -0.0633779 0.471155 0.534533 -0.119396
3.31693 -0.0617476 0.472024 0.533771 -0.121945
3.51203 -0.0588854 0.47747 0.536355 -0.124663
3.70714 -0.0552199 0.480202 0.535422 -0.127535
3.90224 -0.0515304 0.475697 0.527227 -0.130544
4.09734 -0.0486338 0.46301 0.511644 -0.133676
4.29244 -0.0471041 0.44422 0.491324 -0.13699
4.48754 -0.0470115 0.423172 0.470184 -0.140334
4.68264 -0.0480249 0.403863 0.451888 -0.14377
4.87774 -0.0494631 0.389322 0.438785 -0.14729
5.07283 -0.0505382 0.380937 0.431475 -0.150886
5.26793 -0.0505898 0.378374 0.428964 -0.154553
5.46302 -0.0492647 0.379961 0.429225 -0.158284
5.65812 -0.0465968 0.383312 0.429909 -0.162072
5.85321 -0.0429785 0.386009 0.428988 -0.165912
6.0483 -0.0390435 0.386159 0.425202 -0.169799
6.24339 -0.0354993 0.382729 0.418228 -0.173727
6.43848 -0.0329635 0.375635 0.408599 -0.177736
6.63357 -0.0317971 0.365648 0.397445 -0.181731
6.82866 -0.0320796 0.354071 0.38615 -0.185751
7.02374 -0.0335759 0.342436 0.376012 -0.189792
7.21883 -0.0358092 0.332165 0.367975 -0.193848
7.41391 -0.0381692 0.324315 0.362484 -0.197914
7.609 -0.0400408 0.31942 0.359461 -0.201986
7.80408 -0.040922 0.317463 0.358385 -0.206058
7.99916 -0.0405141 0.317935 0.358449 -0.210126
8.19424 -0.0387656 0.319981 0.358747 -0.214183
8.38932 -0.0358701 0.322576 0.358446 -0.218226
8.5844 -0.0322199 0.324711 0.356931 -0.22225
8.77948 -0.0283292 0.325554 0.353883 -0.226249
8.97456 -0.0247417 0.324558 0.3493 -0.23022
9.16963 -0.0219403 0.321517 0.343457 -0.234158
9.36471 -0.0202717 0.316564 0.336836 -0.238058
9.55978 -0.0198983 0.310116 0.330014 -0.241917
9.75485 -0.0207818 0.302789 0.323571 -0.24573
