0.00353029 2.45369e-05 -7.09636e-24
0.0185962 0.000129258 -4.20626e-18
0.0456819 0.000317605 -5.5741e-15
0.0847607 0.000589746 -7.81561e-13
0.135786 0.00094635 -3.37638e-11
0.198697 0.00138917 -7.04316e-10
0.273418 0.00192183 -8.93693e-09
0.359859 0.002551 -7.88546e-08
0.457915 0.00328833 -5.26174e-07
0.567469 0.00415357 -2.8069e-06
0.688388 0.00517988 -1.24365e-05
0.820527 0.00642114 -4.70111e-05
0.963727 0.00795883 -0.000154528
1.11781 0.00989935 -0.000447663
1.2826 0.0123426 -0.00115349
1.4579 0.0152953 -0.00265873
1.64348 0.0185134 -0.0054967
1.83914 0.0213086 -0.0101907
2.04463 0.0224506 -0.0168858
2.2597 0.0203889 -0.0248246
2.4841 0.013988 -0.0319658
2.71756 0.00366785 -0.0352638
2.95979 -0.00770029 -0.032026
3.2105 -0.0152163 -0.0220716
3.4694 -0.0143903 -0.00930527
3.73616 -0.00476409 -0.000755931
4.01047 0.00803218 -0.00231671
4.292 0.0147709 -0.0134546
4.58041 0.0095555 -0.0257187
4.87534 -0.00392673 -0.0283958
5.17645 -0.01378 -0.0182725
5.48338 -0.0102294 -0.00434354
5.79574 0.00376121 -0.000510145
6.11317 0.0137464 -0.011192
6.43529 0.00851544 -0.0250383
6.7617 -0.00646973 -0.0262159
7.09201 -0.0138186 -0.0128708
7.42582 -0.00441494 -0.000724862
7.76274 0.0104647 -0.00482137
8.10235 0.0120875 -0.0202482
8.44425 -0.00186279 -0.0272746
8.78802 -0.0133661 -0.0165556
9.13326 -0.00717639 -0.00203893
9.47954 0.0085867 -0.00304573
9.82644 0.0127805 -0.0182784
10.1736 -0.000292351 -0.0271765
10.5205 -0.012941 -0.0176709
10.8667 -0.00804977 -0.0026479
11.212 0.00769066 -0.00239466
11.5557 0.0130518 -0.0171207
11.8976 0.000989958 -0.0270132
12.2373 -0.0123299 -0.0190498
12.5742 -0.00949356 -0.00389938
12.908 0.00554565 -0.0011918
13.2383 0.0134783 -0.0140772
13.5647 0.00462248 -0.0261515
13.8868 -0.00978607 -0.022746
14.2043 -0.0124716 -0.00837676
14.5166 -0.000735698 -2.01101e-05
14.8235 0.0117067 -0.00681484
15.1247 0.0113162 -0.0207424
15.4196 -0.000908002 -0.0268773
15.708 -0.0120511 -0.0194234
15.9895 -0.0114048 -0.00632311
16.2638 -0.000266754 -2.6468e-06
16.5306 0.010899 -0.00557541
16.7895 0.0127884 -0.0175647
17.0402 0.00461731 -0.0260522
17.2824 -0.00674947 -0.0250471
17.5159 -0.0131664 -0.0160823
17.7403 -0.0109743 -0.0056895
17.9554 -0.00236821 -0.0002105
18.1609 0.00721452 -0.00210324
18.3565 0.0128462 -0.00952897
18.5421 0.0124731 -0.0183797
18.7174 0.00709537 -0.0248127
18.8822 -0.00054159 -0.0268283
19.0363 -0.00756598 -0.0245006
19.1795 -0.012067 -0.0192842
19.3116 -0.0134119 -0.0130594
19.4325 -0.0119905 -0.00739826
19.5421 -0.00872764 -0.00322721
19.6401 -0.00463407 -0.00082585
19.7266 -0.000525754 -1.03074e-05
19.8013 0.00308167 -0.000358798
19.8642 0.00595479 -0.0013943
19.9152 0.00806472 -0.00269538
19.9543 0.0094978 -0.00394219
19.9814 0.0103808 -0.00491948
19.9965 0.0108292 -0.00549917
