0.00267706 7.70047e-05 1.07607e-05 1.75405e-10 2.92925e-15 4.32024e-09
0.0141008 -2.42934e-07 2.99701e-06 1.69608e-10 2.25469e-12 1.97515e-09
0.0346348 6.35293e-08 9.96366e-07 2.02503e-10 8.2054e-11 1.39115e-09
0.0642522 6.68853e-08 6.49175e-07 2.93846e-10 9.71476e-10 1.34756e-09
0.102909 1.02936e-07 9.72417e-07 6.55671e-10 6.38719e-09 2.34514e-09
0.150545 1.49149e-07 1.46145e-06 2.10884e-09 2.92056e-08 6.89327e-09
0.207089 2.03962e-07 3.31882e-06 6.89455e-09 1.04292e-07 2.2058e-08
0.272455 2.71196e-07 8.14398e-06 1.99396e-08 3.1115e-07 6.45279e-08
0.346543 3.61954e-07 1.78518e-05 5.12454e-08 8.09356e-07 1.69258e-07
0.429241 4.9547e-07 3.55759e-05 1.18748e-07 1.88869e-06 4.0366e-07
0.520421 7.08047e-07 6.54795e-05 2.51252e-07 4.03375e-06 8.89973e-07
0.619947 1.0583e-06 0.000113484 4.92527e-07 7.99929e-06 1.83924e-06
0.727665 1.63891e-06 0.000186905 9.02173e-07 1.48879e-05 3.59951e-06
0.843412 2.58516e-06 0.000293019 1.55496e-06 2.62154e-05 6.71457e-06
0.967011 4.08084e-06 0.000436778 2.53836e-06 4.39447e-05 1.19725e-05
1.09828 6.35426e-06 0.000618188 3.94011e-06 7.04611e-05 2.03981e-05
1.237 9.65907e-06 0.000830297 5.83414e-06 0.000108465 3.31356e-05
1.38299 1.42425e-05 0.00105678 8.2622e-06 0.000160755 5.121e-05
1.536 2.03109e-05 0.00127214 1.12058e-05 0.000229891 7.5235e-05
1.69581 2.79945e-05 0.00144418 1.45687e-05 0.000317743 0.000105118
1.86217 3.72922e-05 0.00153976 1.81687e-05 0.000424955 0.000139732
2.03484 4.79813e-05 0.00153396 2.17341e-05 0.000550386 0.000176551
2.21355 5.94922e-05 0.00141713 2.49333e-05 0.000690624 0.000211487
2.39802 7.08221e-05 0.00120261 2.74237e-05 0.000839693 0.000239404
2.58797 8.05909e-05 0.000924768 2.8903e-05 0.000989056 0.000255416
2.78312 8.72776e-05 0.000632371 2.91722e-05 0.00112803 0.000256417
2.98318 8.96211e-05 0.000378237 2.81871e-05 0.00124464 0.000242172
3.18782 8.70166e-05 0.000201425 2.6068e-05 0.00132692 0.000215309
3.39675 7.9751e-05 0.000119107 2.30755e-05 0.00136446 0.000180449
3.60964 6.89666e-05 0.000124996 1.95633e-05 0.0013501 0.000142886
3.82617 5.63491e-05 0.000190587 1.59057e-05 0.00128134 0.000107293
4.04601 4.36468e-05 0.000279564 1.24256e-05 0.00116131 7.6816e-05
4.26883 3.22278e-05 0.000360203 9.3506e-06 0.000998963 5.28007e-05
4.49429 2.28501e-05 0.00041051 6.80124e-06 0.000808332 3.51141e-05
4.72203 1.5691e-05 0.000421474 4.8015e-06 0.000606971 2.2767e-05
4.95173 1.05346e-05 0.000397968 3.3053e-06 0.000413659 1.44943e-05
5.18302 6.98576e-06 0.000351356 2.22922e-06 0.00024581 9.11889e-06
5.41555 4.6264e-06 0.00029416 1.48015e-06 0.000117009 5.70215e-06
5.64897 3.0965e-06 0.00023764 9.72264e-07 3.51313e-05 3.56156e-06
5.88293 2.1204e-06 0.000190417 6.34674e-07 1.39936e-06 2.23079e-06
6.11707 1.50269e-06 0.000157188 4.13207e-07 1.05535e-05 1.40524e-06
6.35103 1.11188e-06 0.000138731 2.68997e-07 5.2083e-05 8.92011e-07
6.58445 8.62631e-07 0.000133534 1.75461e-07 0.00011226 5.71297e-07
6.81698 7.00884e-07 0.000138178 1.14929e-07 0.000176564 3.6945e-07
7.04827 5.92912e-07 0.000148411 7.57785e-08 0.000232027 2.41352e-07
7.27797 5.179e-07 0.000159852 5.03947e-08 0.000269083 1.59316e-07
7.50571 4.63067e-07 0.000168482 3.38264e-08 0.000282634 1.06282e-07
7.73117 4.2061e-07 0.000171775 2.29022e-08 0.000272224 7.1665e-08
7.95399 3.85843e-07 0.00016873 1.56228e-08 0.000241412 4.88453e-08
8.17383 3.55973e-07 0.000159366 1.07342e-08 0.000196559 3.36525e-08
8.39036 3.29305e-07 0.000145219 7.43861e-09 0.000145345 2.34375e-08
8.60325 3.04849e-07 0.000128199 5.21318e-09 9.53137e-05 1.6501e-08
8.81218 2.82127e-07 0.00011026 3.70575e-09 5.27091e-05 1.17433e-08
9.01682 2.60901e-07 9.32079e-05 2.67637e-09 2.17362e-05 8.44744e-09
9.21688 2.40941e-07 7.85853e-05 1.96273e-09 4.3017e-06 6.14201e-09
9.41203 2.22105e-07 6.74273e-05 1.45721e-09 1.70789e-07 4.51377e-09
9.60198 2.04487e-07 6.005e-05 1.09024e-09 7.42564e-06 3.35228e-09
9.78645 1.88146e-07 5.63923e-05 8.17806e-10 2.30794e-05 2.51563e-09
9.96516 1.72842e-07 5.61559e-05 6.12354e-10 4.37099e-05 1.90752e-09
10.1378 1.58404e-07 5.8653e-05 4.56304e-10 6.60067e-05 1.46147e-09
10.3042 1.45073e-07 6.2867e-05 3.37873e-10 8.71688e-05 1.131e-09
10.464 1.32924e-07 6.77573e-05 2.48582e-10 0.000105131 8.83845e-10
10.617 1.21428e-07 7.25737e-05 1.81915e-10 0.000118634 6.97566e-10
10.763 1.10304e-07 7.67543e-05 1.3267e-10 0.000127165 5.56005e-10
10.9017 1.00077e-07 7.98896e-05 9.66614e-11 0.000130827 4.47307e-10
11.033 9.08504e-08 8.1796e-05 7.05526e-11 0.000130162 3.63118e-10
11.1566 8.16665e-08 8.24944e-05 5.17401e-11 0.000125977 2.97602e-10
11.2723 7.22372e-08 8.21233e-05 3.82366e-11 0.000119187 2.46293e-10
11.3801 6.36695e-08 8.08846e-05 2.8558e-11 0.000110698 2.05679e-10
11.4796 5.61188e-08 7.90139e-05 2.16162e-11 0.000101322 1.7334e-10
11.5708 4.80385e-08 7.67577e-05 1.66251e-11 9.17348e-05 1.47658e-10
11.6535 3.93204e-08 7.43412e-05 1.30237e-11 8.24552e-05 1.27228e-10
11.7275 3.20317e-08 7.19402e-05 1.04146e-11 7.38544e-05 1.10815e-10
11.7929 2.6308e-08 6.96783e-05 8.51837e-12 6.61718e-05 9.76603e-11
11.8495 1.96882e-08 6.76377e-05 7.13887e-12 5.95418e-05 8.73524e-11
11.8971 1.23964e-08 6.58723e-05 6.1393e-12 5.40208e-05 7.93956e-11
11.9357 7.92999e-09 6.44158e-05 5.42473e-12 4.96132e-05 7.32416e-11
11.9654 6.22989e-09 6.32889e-05 4.93007e-12 4.62942e-05 6.8667e-11
11.9859 2.84135e-09 6.25031e-05 4.61198e-12 4.40279e-05 6.57234e-11
11.9973 -2.6592e-09 6.20647e-05 4.44334e-12 4.27807e-05 6.42967e-11
