0.00669266 -0.0221191 3.57574e-15 2.80247e-05
0.035252 3.29504e-05 2.75226e-12 2.90063e-05
0.0865869 -1.23323e-08 1.00155e-10 3.12251e-05
0.16063 1.20526e-06 1.18551e-09 3.53199e-05
0.257271 3.61412e-06 7.79062e-09 4.37627e-05
0.376363 1.19219e-05 3.55903e-08 6.58075e-05
0.517724 3.81047e-05 1.26897e-07 0.000127504
0.681139 0.000102397 3.77694e-07 0.000289876
0.866359 0.000241196 9.79038e-07 0.000674077
1.0731 0.000501262 2.27355e-06 0.0014732
1.30105 0.000917742 4.82375e-06 0.00288386
1.54987 0.00146399 9.48321e-06 0.00489465
1.81916 0.00200688 1.74537e-05 0.00705104
2.10853 0.00232456 3.03039e-05 0.00846401
2.41753 0.00221301 4.99188e-05 0.00821995
2.74569 0.00165133 7.83478e-05 0.00614509
3.09251 0.000883044 0.000117527 0.00321982
3.45746 0.000278983 0.000168874 0.000931241
3.84 6.7447e-05 0.000232771 0.000138052
4.23952 0.000183547 0.000308032 0.000574841
4.65544 0.000400224 0.000391435 0.00140357
5.0871 0.000556899 0.000477502 0.00203652
5.53386 0.000621343 0.000558653 0.0023469
5.99504 0.000620986 0.000625866 0.00241769
6.46993 0.000586056 0.000669854 0.00234268
6.95781 0.000534172 0.000682654 0.00217709
7.45794 0.000473099 0.000659366 0.00194784
7.96955 0.000406395 0.000599651 0.00167266
8.49187 0.000337023 0.000508561 0.00137101
9.0241 0.000268732 0.000396351 0.00106698
9.56543 0.000206 0.000277105 0.000786752
10.115 0.000153271 0.000166331 0.000554115
10.6721 0.000113967 7.79854e-05 0.000385671
11.2357 8.96186e-05 2.16058e-05 0.000287355
11.8051 7.94128e-05 3.18033e-07 0.000253312
12.3793 8.02963e-05 1.02842e-05 0.000267523
12.9575 8.76424e-05 4.18103e-05 0.000307798
13.5389 9.63133e-05 8.18634e-05 0.000351081
14.1224 0.00010183 0.000117332 0.000378616
14.7073 0.000101332 0.000138146 0.00037962
15.2927 9.40696e-05 0.00013941 0.000352592
15.8776 8.13183e-05 0.000122029 0.000304102
16.4611 6.57773e-05 9.17565e-05 0.000245688
17.0425 5.06604e-05 5.70588e-05 0.000189922
17.6207 3.87645e-05 2.65204e-05 0.000146866
18.1949 3.17719e-05 6.55131e-06 0.000121821
18.7643 2.99538e-05 7.19558e-10 0.000114779
19.3279 3.22972e-05 5.93268e-06 0.000121419
19.885 3.69567e-05 2.0447e-05 0.000135066
20.4346 4.18529e-05 3.81494e-05 0.000148874
20.9759 4.52298e-05 5.37579e-05 0.000157581
21.5081 4.60276e-05 6.33885e-05 0.000158457
22.0304 4.40102e-05 6.52423e-05 0.000151378
22.5421 3.96623e-05 5.96389e-05 0.000138222
23.0422 3.39343e-05 4.85289e-05 0.000121923
23.5301 2.7932e-05 3.47257e-05 0.000105514
24.005 2.26408e-05 2.11106e-05 9.14121e-05
24.4661 1.87421e-05 1.00098e-05 8.10422e-05
24.9129 1.65404e-05 2.84377e-06 7.48016e-05
25.3446 1.5989e-05 5.61737e-08 7.22626e-05
25.7605 1.67813e-05 1.26204e-06 7.24929e-05
26.16 1.84684e-05 5.5202e-06 7.4382e-05
26.5425 2.05729e-05 1.16368e-05 7.68997e-05
26.9075 2.2674e-05 1.84287e-05 7.92529e-05
27.2543 2.44587e-05 2.49083e-05 8.09447e-05
27.5825 2.5739e-05 3.03782e-05 8.17572e-05
27.8915 2.64424e-05 3.445e-05 8.16898e-05
28.1808 2.65888e-05 3.70069e-05 8.08835e-05
28.4501 2.62588e-05 3.81381e-05 7.95464e-05
28.6989 2.55655e-05 3.80644e-05 7.78997e-05
28.9269 2.46305e-05 3.70707e-05 7.61386e-05
29.1336 2.35668e-05 3.54534e-05 7.44167e-05
29.3189 2.24701e-05 3.34847e-05 7.28392e-05
29.4823 2.14142e-05 3.13936e-05 7.14684e-05
29.6236 2.04519e-05 2.93588e-05 7.03321e-05
29.7427 1.96175e-05 2.75108e-05 6.94328e-05
29.8394 1.89314e-05 2.59386e-05 6.87581e-05
29.9134 1.84034e-05 2.46989e-05 6.82853e-05
29.9647 1.80376e-05 2.3825e-05 6.79888e-05
29.9933 1.78344e-05 2.33346e-05 6.78408e-05
