0.2 0.0276514 0.0301612 0.00250975 0.0306902
0.4 0.0332234 0.0454106 0.0121871 0.0368206
0.6 0.0392299 0.0680158 0.0287859 0.0419002
0.8 0.0458241 0.0963987 0.0505746 0.0471219
1 0.0522271 0.127731 0.0755043 0.0524283
1.2 0.0575399 0.159178 0.101638 0.0577749
1.4 0.0608825 0.188214 0.127331 0.0629
1.6 0.0617147 0.213012 0.151297 0.0676832
1.8 0.0598559 0.232462 0.172606 0.0719848
2 0.0555019 0.246164 0.190662 0.0757145
2.2 0.0491418 0.254295 0.205153 0.0788292
2.4 0.041418 0.257422 0.216004 0.0812889
2.6 0.0330765 0.256403 0.223327 0.0832023
2.8 0.0247387 0.252108 0.22737 0.0845436
3 0.0169626 0.245441 0.228478 0.0854127
3.2 0.0101563 0.237214 0.227058 0.08591
3.4 0.00452172 0.228065 0.223543 0.0860321
3.6 0.000172583 0.218546 0.218374 0.0858738
3.8 -0.00289374 0.209081 0.211975 0.0855196
4 -0.00481345 0.199929 0.204743 0.0849567
4.2 -0.00573325 0.191303 0.197036 0.0842556
4.4 -0.00584817 0.183321 0.189169 0.0834501
4.6 -0.00535087 0.176055 0.181406 0.0825937
4.8 -0.00447181 0.169493 0.173965 0.0816577
5 -0.00338319 0.163631 0.167014 0.0806864
5.2 -0.00224765 0.158431 0.160678 0.0796942
5.4 -0.00119987 0.15384 0.15504 0.0786929
5.6 -0.000332554 0.149812 0.150145 0.0777129
5.8 0.000253917 0.146261 0.146007 0.0767181
6 0.000523786 0.143135 0.142611 0.0757354
6.2 0.000453746 0.140377 0.139923 0.0747688
6.4 4.1975e-05 0.137929 0.137887 0.0738213
6.6 -0.000695495 0.135743 0.136438 0.0728948
6.8 -0.00172847 0.133771 0.1355 0.0719908
7 -0.00301616 0.131975 0.134991 0.0711102
7.2 -0.00449996 0.130329 0.134829 0.0702709
7.4 -0.00614883 0.128783 0.134931 0.0694375
7.6 -0.00789829 0.127321 0.135219 0.0686278
7.8 -0.00969519 0.125923 0.135618 0.0678414
8 -0.0114889 0.124572 0.136061 0.0670777
8.2 -0.0132328 0.123254 0.136487 0.0663362
8.4 -0.0148854 0.121958 0.136843 0.0656163
8.6 -0.0164111 0.120676 0.137087 0.0649171
8.8 -0.0177807 0.119403 0.137184 0.0642381
9 -0.0189714 0.118135 0.137106 0.0635783
9.2 -0.0199671 0.116868 0.136835 0.062937
9.4 -0.0207579 0.115604 0.136361 0.0623135
9.6 -0.0213317 0.114349 0.13568 0.061721
9.8 -0.0217066 0.113088 0.134795 0.0611308
10 -0.0218809 0.111832 0.133713 0.0605561
