
Reference Number = 2408 Incident Particle: neutron 
Target: Z= 94 A= 239 Number of energies= 181
Type potential: rotational   dispersive+SO(Anal.Integr.)  relativ.Schoedr.
First Author: R.Capote      
Z-Range=90- 97  A-Range=228-249  E-Range=   0.001- 200.000 MeV         Ef = -6.090

En(MeV)     V    RV    AV    DWV      W    RW    AW     VD   RVD   AVD     WD   RWD   AWD    VSO   RVSO  AVSO   WSO   RWSO  AWSO   VHFpn WSpn DVSpn    WVpn    DVVpn   V(Lane)  W(Lane)    E
 -6.000 46.458 1.250 0.638  0.015  0.000 1.253 0.680  0.076 1.181 0.604  0.001 1.181 0.604  6.026 1.121 0.590 -0.000 1.121 0.590 -0.597-0.000-0.008   0.000    0.000   -9.991   -0.001   -6.000
 -5.950 46.443 1.250 0.638  0.024  0.000 1.253 0.680  0.118 1.181 0.604  0.002 1.181 0.604  6.023 1.121 0.590 -0.000 1.121 0.590 -0.597-0.000-0.013   0.000    0.000   -9.985   -0.003   -5.950
 -5.900 46.427 1.250 0.638  0.032  0.000 1.253 0.680  0.160 1.181 0.604  0.003 1.181 0.604  6.021 1.121 0.590 -0.000 1.121 0.590 -0.596-0.000-0.018   0.000    0.000   -9.980   -0.006   -5.900
 -5.850 46.411 1.250 0.638  0.041  0.000 1.253 0.680  0.202 1.181 0.604  0.005 1.181 0.604  6.018 1.121 0.590 -0.000 1.121 0.590 -0.596-0.001-0.022   0.000    0.000   -9.975   -0.010   -5.850
 -5.800 46.396 1.250 0.638  0.049  0.000 1.253 0.680  0.244 1.181 0.604  0.008 1.181 0.604  6.016 1.121 0.590 -0.000 1.121 0.590 -0.596-0.001-0.027   0.000    0.000   -9.970   -0.015   -5.800
 -5.750 46.380 1.250 0.638  0.058  0.000 1.253 0.680  0.286 1.181 0.604  0.011 1.181 0.604  6.013 1.121 0.590 -0.000 1.121 0.590 -0.596-0.001-0.032   0.000    0.000   -9.965   -0.020   -5.750
 -5.700 46.365 1.250 0.638  0.067  0.000 1.253 0.680  0.328 1.181 0.604  0.014 1.181 0.604  6.011 1.121 0.590 -0.000 1.121 0.590 -0.595-0.002-0.036   0.000    0.000   -9.960   -0.027   -5.700
 -5.650 46.349 1.250 0.638  0.075  0.000 1.253 0.680  0.369 1.181 0.604  0.018 1.181 0.604  6.008 1.121 0.590 -0.000 1.121 0.590 -0.595-0.002-0.041   0.000    0.000   -9.954   -0.034   -5.650
 -5.600 46.334 1.250 0.638  0.084  0.000 1.253 0.680  0.411 1.181 0.604  0.023 1.181 0.604  6.006 1.121 0.590 -0.000 1.121 0.590 -0.595-0.003-0.045   0.000    0.000   -9.949   -0.042   -5.600
 -5.550 46.319 1.250 0.638  0.092  0.001 1.253 0.680  0.453 1.181 0.604  0.027 1.181 0.604  6.003 1.121 0.590 -0.000 1.121 0.590 -0.594-0.003-0.050   0.000    0.000   -9.944   -0.051   -5.550
 -5.500 46.303 1.250 0.638  0.101  0.001 1.253 0.680  0.494 1.181 0.604  0.033 1.181 0.604  6.001 1.121 0.590 -0.000 1.121 0.590 -0.594-0.004-0.055   0.000    0.000   -9.939   -0.061   -5.500
 -5.450 46.288 1.250 0.638  0.109  0.001 1.253 0.680  0.536 1.181 0.604  0.039 1.181 0.604  5.998 1.121 0.590 -0.000 1.121 0.590 -0.594-0.004-0.059   0.000    0.000   -9.934   -0.071   -5.450
 -5.400 46.272 1.250 0.638  0.118  0.001 1.253 0.680  0.577 1.181 0.604  0.045 1.181 0.604  5.996 1.121 0.590 -0.000 1.121 0.590 -0.593-0.005-0.064   0.000    0.000   -9.929   -0.083   -5.400
 -5.350 46.257 1.250 0.638  0.126  0.001 1.253 0.680  0.619 1.181 0.604  0.051 1.181 0.604  5.993 1.121 0.590 -0.000 1.121 0.590 -0.593-0.006-0.068   0.000    0.000   -9.924   -0.095   -5.350
 -5.300 46.242 1.250 0.638  0.135  0.001 1.253 0.680  0.660 1.181 0.604  0.059 1.181 0.604  5.991 1.121 0.590 -0.000 1.121 0.590 -0.593-0.006-0.073   0.000    0.000   -9.918   -0.108   -5.300
 -5.250 46.226 1.250 0.638  0.143  0.001 1.253 0.680  0.701 1.181 0.604  0.066 1.181 0.604  5.988 1.121 0.590 -0.000 1.121 0.590 -0.592-0.007-0.077   0.000    0.000   -9.913   -0.122   -5.250
 -5.200 46.211 1.250 0.638  0.152  0.002 1.253 0.680  0.742 1.181 0.604  0.074 1.181 0.604  5.986 1.121 0.590 -0.000 1.121 0.590 -0.592-0.008-0.082   0.000    0.000   -9.908   -0.137   -5.200
 -5.150 46.195 1.250 0.638  0.160  0.002 1.253 0.680  0.783 1.181 0.604  0.083 1.181 0.604  5.984 1.121 0.590 -0.000 1.121 0.590 -0.592-0.009-0.086   0.000    0.000   -9.903   -0.152   -5.150
 -5.100 46.180 1.250 0.638  0.169  0.002 1.253 0.680  0.823 1.181 0.604  0.091 1.181 0.604  5.981 1.121 0.590 -0.000 1.121 0.590 -0.592-0.010-0.091   0.000    0.000   -9.898   -0.169   -5.100
 -5.050 46.165 1.250 0.638  0.177  0.002 1.253 0.680  0.864 1.181 0.604  0.101 1.181 0.604  5.979 1.121 0.590 -0.000 1.121 0.590 -0.591-0.011-0.095   0.000    0.000   -9.893   -0.186   -5.050
 -5.000 46.149 1.250 0.638  0.186  0.002 1.253 0.680  0.904 1.181 0.604  0.110 1.181 0.604  5.976 1.121 0.590 -0.000 1.121 0.590 -0.591-0.012-0.100   0.000    0.000   -9.888   -0.204   -5.000
 -4.950 46.134 1.250 0.638  0.194  0.002 1.253 0.680  0.945 1.181 0.604  0.121 1.181 0.604  5.974 1.121 0.590 -0.000 1.121 0.590 -0.591-0.013-0.104   0.000    0.000   -9.882   -0.223   -4.950
 -4.900 46.119 1.250 0.638  0.203  0.003 1.253 0.680  0.985 1.181 0.604  0.131 1.181 0.604  5.971 1.121 0.590 -0.000 1.121 0.590 -0.590-0.014-0.109   0.000    0.000   -9.877   -0.243   -4.900
 -4.850 46.104 1.250 0.638  0.211  0.003 1.253 0.680  1.025 1.181 0.604  0.142 1.181 0.604  5.969 1.121 0.590 -0.000 1.121 0.590 -0.590-0.016-0.113   0.000    0.000   -9.872   -0.263   -4.850
 -4.800 46.088 1.250 0.638  0.220  0.003 1.253 0.680  1.065 1.181 0.604  0.154 1.181 0.604  5.966 1.121 0.590 -0.000 1.121 0.590 -0.590-0.017-0.118   0.000    0.000   -9.867   -0.284   -4.800
 -4.750 46.073 1.250 0.638  0.229  0.003 1.253 0.680  1.104 1.181 0.604  0.166 1.181 0.604  5.964 1.121 0.590 -0.000 1.121 0.590 -0.589-0.018-0.122   0.000    0.000   -9.862   -0.306   -4.750
 -4.700 46.058 1.250 0.638  0.237  0.004 1.253 0.680  1.144 1.181 0.604  0.178 1.181 0.604  5.961 1.121 0.590 -0.000 1.121 0.590 -0.589-0.020-0.126   0.000    0.000   -9.857   -0.329   -4.700
 -4.650 46.043 1.250 0.638  0.246  0.004 1.253 0.680  1.183 1.181 0.604  0.191 1.181 0.604  5.959 1.121 0.590 -0.000 1.121 0.590 -0.589-0.021-0.131   0.000    0.000   -9.852   -0.352   -4.650
 -4.600 46.027 1.250 0.638  0.254  0.004 1.253 0.680  1.222 1.181 0.604  0.204 1.181 0.604  5.956 1.121 0.590 -0.000 1.121 0.590 -0.588-0.023-0.135   0.000    0.000   -9.847   -0.377   -4.600
 -4.550 46.012 1.250 0.638  0.263  0.005 1.253 0.680  1.261 1.181 0.604  0.217 1.181 0.604  5.954 1.121 0.590 -0.000 1.121 0.590 -0.588-0.024-0.139   0.000    0.000   -9.842   -0.402   -4.550
 -4.500 45.997 1.250 0.638  0.271  0.005 1.253 0.680  1.300 1.181 0.604  0.231 1.181 0.604  5.951 1.121 0.590 -0.000 1.121 0.590 -0.588-0.026-0.144   0.000    0.000   -9.836   -0.427   -4.500
 -4.450 45.982 1.250 0.638  0.280  0.005 1.253 0.680  1.338 1.181 0.604  0.245 1.181 0.604  5.949 1.121 0.590 -0.000 1.121 0.590 -0.588-0.027-0.148   0.000    0.000   -9.831   -0.454   -4.450
 -4.400 45.967 1.250 0.638  0.288  0.005 1.253 0.680  1.376 1.181 0.604  0.260 1.181 0.604  5.947 1.121 0.590 -0.000 1.121 0.590 -0.587-0.029-0.152   0.000    0.000   -9.826   -0.481   -4.400
 -4.350 45.951 1.250 0.638  0.297  0.006 1.253 0.680  1.414 1.181 0.604  0.275 1.181 0.604  5.944 1.121 0.590 -0.000 1.121 0.590 -0.587-0.030-0.156   0.000    0.000   -9.821   -0.509   -4.350
 -4.300 45.936 1.250 0.638  0.305  0.006 1.253 0.680  1.452 1.181 0.604  0.291 1.181 0.604  5.942 1.121 0.590 -0.000 1.121 0.590 -0.587-0.032-0.160   0.000    0.000   -9.816   -0.537   -4.300
 -4.250 45.921 1.250 0.638  0.314  0.006 1.253 0.680  1.490 1.181 0.604  0.307 1.181 0.604  5.939 1.121 0.590 -0.000 1.121 0.590 -0.586-0.034-0.165   0.000    0.000   -9.811   -0.567   -4.250
 -4.200 45.906 1.250 0.638  0.322  0.007 1.253 0.680  1.527 1.181 0.604  0.323 1.181 0.604  5.937 1.121 0.590 -0.000 1.121 0.590 -0.586-0.036-0.169   0.000    0.000   -9.806   -0.597   -4.200
 -4.150 45.891 1.250 0.638  0.331  0.007 1.253 0.680  1.564 1.181 0.604  0.339 1.181 0.604  5.934 1.121 0.590 -0.000 1.121 0.590 -0.586-0.037-0.173   0.000    0.000   -9.801   -0.627   -4.150
 -4.100 45.876 1.250 0.638  0.339  0.008 1.253 0.680  1.601 1.181 0.604  0.356 1.181 0.604  5.932 1.121 0.590 -0.000 1.121 0.590 -0.585-0.039-0.177   0.000    0.000   -9.796   -0.659   -4.100
 -4.050 45.861 1.250 0.638  0.348  0.008 1.253 0.680  1.638 1.181 0.604  0.374 1.181 0.604  5.929 1.121 0.590 -0.001 1.121 0.590 -0.585-0.041-0.181   0.000    0.000   -9.791   -0.691   -4.050
 -4.000 45.846 1.250 0.638  0.356  0.008 1.253 0.680  1.674 1.181 0.604  0.391 1.181 0.604  5.927 1.121 0.590 -0.001 1.121 0.590 -0.585-0.043-0.185   0.000    0.000   -9.786   -0.724   -4.000
 -3.950 45.831 1.250 0.638  0.365  0.009 1.253 0.680  1.711 1.181 0.604  0.410 1.181 0.604  5.924 1.121 0.590 -0.001 1.121 0.590 -0.584-0.045-0.189   0.000    0.000   -9.781   -0.757   -3.950
 -3.900 45.816 1.250 0.638  0.373  0.009 1.253 0.680  1.747 1.181 0.604  0.428 1.181 0.604  5.922 1.121 0.590 -0.001 1.121 0.590 -0.584-0.047-0.193   0.000    0.000   -9.775   -0.791   -3.900
 -3.850 45.801 1.250 0.638  0.382  0.010 1.253 0.680  1.782 1.181 0.604  0.447 1.181 0.604  5.919 1.121 0.590 -0.001 1.121 0.590 -0.584-0.049-0.197   0.000    0.000   -9.770   -0.826   -3.850
 -3.800 45.786 1.250 0.638  0.390  0.010 1.253 0.680  1.818 1.181 0.604  0.466 1.181 0.604  5.917 1.121 0.590 -0.001 1.121 0.590 -0.584-0.051-0.201   0.000    0.000   -9.765   -0.861   -3.800
 -3.750 45.770 1.250 0.638  0.399  0.010 1.253 0.680  1.853 1.181 0.604  0.485 1.181 0.604  5.915 1.121 0.590 -0.001 1.121 0.590 -0.583-0.054-0.205   0.000    0.000   -9.760   -0.897   -3.750
 -3.700 45.755 1.250 0.638  0.407  0.011 1.253 0.680  1.888 1.181 0.604  0.505 1.181 0.604  5.912 1.121 0.590 -0.001 1.121 0.590 -0.583-0.056-0.209   0.000    0.000   -9.755   -0.933   -3.700
 -3.650 45.740 1.250 0.638  0.416  0.011 1.253 0.680  1.922 1.181 0.604  0.525 1.181 0.604  5.910 1.121 0.590 -0.001 1.121 0.590 -0.583-0.058-0.212   0.000    0.000   -9.750   -0.970   -3.650
 -3.600 45.725 1.250 0.638  0.424  0.012 1.253 0.680  1.957 1.181 0.604  0.545 1.181 0.604  5.907 1.121 0.590 -0.001 1.121 0.590 -0.582-0.060-0.216   0.000    0.000   -9.745   -1.008   -3.600
 -3.550 45.711 1.250 0.638  0.433  0.012 1.253 0.680  1.991 1.181 0.604  0.566 1.181 0.604  5.905 1.121 0.590 -0.001 1.121 0.590 -0.582-0.063-0.220   0.000    0.000   -9.740   -1.046   -3.550
 -3.500 45.696 1.250 0.638  0.441  0.013 1.253 0.680  2.025 1.181 0.604  0.587 1.181 0.604  5.902 1.121 0.590 -0.001 1.121 0.590 -0.582-0.065-0.224   0.000    0.000   -9.735   -1.085   -3.500
 -3.450 45.681 1.250 0.638  0.450  0.013 1.253 0.680  2.058 1.181 0.604  0.609 1.181 0.604  5.900 1.121 0.590 -0.001 1.121 0.590 -0.581-0.067-0.227   0.000    0.000   -9.730   -1.125   -3.450
 -3.400 45.666 1.250 0.638  0.458  0.014 1.253 0.680  2.091 1.181 0.604  0.630 1.181 0.604  5.897 1.121 0.590 -0.001 1.121 0.590 -0.581-0.070-0.231   0.000    0.000   -9.725   -1.165   -3.400
 -3.350 45.651 1.250 0.638  0.467  0.014 1.253 0.680  2.124 1.181 0.604  0.652 1.181 0.604  5.895 1.121 0.590 -0.001 1.121 0.590 -0.581-0.072-0.235   0.000    0.000   -9.720   -1.205   -3.350
 -3.300 45.636 1.250 0.638  0.475  0.015 1.253 0.680  2.157 1.181 0.604  0.674 1.181 0.604  5.892 1.121 0.590 -0.001 1.121 0.590 -0.581-0.074-0.238   0.000    0.000   -9.715   -1.247   -3.300
 -3.250 45.621 1.250 0.638  0.484  0.015 1.253 0.680  2.189 1.181 0.604  0.697 1.181 0.604  5.890 1.121 0.590 -0.001 1.121 0.590 -0.580-0.077-0.242   0.000    0.000   -9.710   -1.288   -3.250
 -3.200 45.606 1.250 0.638  0.492  0.016 1.253 0.680  2.221 1.181 0.604  0.720 1.181 0.604  5.888 1.121 0.590 -0.001 1.121 0.590 -0.580-0.080-0.245   0.000    0.000   -9.705   -1.330   -3.200
 -3.150 45.591 1.250 0.638  0.501  0.017 1.253 0.680  2.253 1.181 0.604  0.743 1.181 0.604  5.885 1.121 0.590 -0.001 1.121 0.590 -0.580-0.082-0.249   0.000    0.000   -9.700   -1.373   -3.150
 -3.100 45.576 1.250 0.638  0.509  0.017 1.253 0.680  2.285 1.181 0.604  0.766 1.181 0.604  5.883 1.121 0.590 -0.001 1.121 0.590 -0.579-0.085-0.252   0.000    0.000   -9.695   -1.416   -3.100
 -3.050 45.561 1.250 0.638  0.518  0.018 1.253 0.680  2.316 1.181 0.604  0.790 1.181 0.604  5.880 1.121 0.590 -0.001 1.121 0.590 -0.579-0.087-0.256   0.000    0.000   -9.690   -1.460   -3.050
 -3.000 45.547 1.250 0.638  0.526  0.018 1.253 0.680  2.347 1.181 0.604  0.814 1.181 0.604  5.878 1.121 0.590 -0.001 1.121 0.590 -0.579-0.090-0.259   0.000    0.000   -9.685   -1.504   -3.000
 -2.950 45.532 1.250 0.638  0.535  0.019 1.253 0.680  2.377 1.181 0.604  0.838 1.181 0.604  5.875 1.121 0.590 -0.001 1.121 0.590 -0.578-0.093-0.263   0.000    0.000   -9.680   -1.549   -2.950
 -2.900 45.517 1.250 0.638  0.543  0.019 1.253 0.680  2.407 1.181 0.604  0.862 1.181 0.604  5.873 1.121 0.590 -0.001 1.121 0.590 -0.578-0.095-0.266   0.000    0.000   -9.675   -1.594   -2.900
 -2.850 45.502 1.250 0.638  0.552  0.020 1.253 0.680  2.437 1.181 0.604  0.887 1.181 0.604  5.870 1.121 0.590 -0.001 1.121 0.590 -0.578-0.098-0.269   0.000    0.000   -9.670   -1.640   -2.850
 -2.800 45.487 1.250 0.638  0.560  0.021 1.253 0.680  2.467 1.181 0.604  0.912 1.181 0.604  5.868 1.121 0.590 -0.001 1.121 0.590 -0.578-0.101-0.272   0.000    0.000   -9.665   -1.686   -2.800
 -2.750 45.472 1.250 0.638  0.569  0.021 1.253 0.680  2.496 1.181 0.604  0.937 1.181 0.604  5.865 1.121 0.590 -0.001 1.121 0.590 -0.577-0.104-0.276   0.000    0.000   -9.660   -1.732   -2.750
 -2.700 45.458 1.250 0.638  0.577  0.022 1.253 0.680  2.525 1.181 0.604  0.963 1.181 0.604  5.863 1.121 0.590 -0.001 1.121 0.590 -0.577-0.106-0.279   0.000    0.000   -9.655   -1.779   -2.700
 -2.650 45.443 1.250 0.638  0.586  0.023 1.253 0.680  2.554 1.181 0.604  0.988 1.181 0.604  5.861 1.121 0.590 -0.001 1.121 0.590 -0.577-0.109-0.282   0.000    0.000   -9.650   -1.826   -2.650
 -2.600 45.428 1.250 0.638  0.594  0.023 1.253 0.680  2.582 1.181 0.604  1.014 1.181 0.604  5.858 1.121 0.590 -0.001 1.121 0.590 -0.576-0.112-0.285   0.000    0.000   -9.645   -1.874   -2.600
 -2.550 45.413 1.250 0.638  0.603  0.024 1.253 0.680  2.610 1.181 0.604  1.040 1.181 0.604  5.856 1.121 0.590 -0.002 1.121 0.590 -0.576-0.115-0.288   0.000    0.000   -9.640   -1.922   -2.550
 -2.500 45.399 1.250 0.638  0.611  0.025 1.253 0.680  2.637 1.181 0.604  1.066 1.181 0.604  5.853 1.121 0.590 -0.002 1.121 0.590 -0.576-0.118-0.291   0.000    0.000   -9.635   -1.971   -2.500
 -2.450 45.384 1.250 0.638  0.620  0.025 1.253 0.680  2.665 1.181 0.604  1.093 1.181 0.604  5.851 1.121 0.590 -0.002 1.121 0.590 -0.575-0.121-0.294   0.000    0.000   -9.630   -2.020   -2.450
 -2.400 45.369 1.250 0.638  0.628  0.026 1.253 0.680  2.692 1.181 0.604  1.120 1.181 0.604  5.848 1.121 0.590 -0.002 1.121 0.590 -0.575-0.124-0.297   0.000    0.000   -9.625   -2.069   -2.400
 -2.350 45.354 1.250 0.638  0.637  0.027 1.253 0.680  2.718 1.181 0.604  1.146 1.181 0.604  5.846 1.121 0.590 -0.002 1.121 0.590 -0.575-0.127-0.300   0.000    0.000   -9.620   -2.119   -2.350
 -2.300 45.340 1.250 0.638  0.645  0.027 1.253 0.680  2.745 1.181 0.604  1.174 1.181 0.604  5.843 1.121 0.590 -0.002 1.121 0.590 -0.575-0.130-0.303   0.000    0.000   -9.615   -2.169   -2.300
 -2.250 45.325 1.250 0.638  0.654  0.028 1.253 0.680  2.771 1.181 0.604  1.201 1.181 0.604  5.841 1.121 0.590 -0.002 1.121 0.590 -0.574-0.133-0.306   0.000    0.000   -9.610   -2.219   -2.250
 -2.200 45.310 1.250 0.638  0.662  0.029 1.253 0.680  2.796 1.181 0.604  1.228 1.181 0.604  5.839 1.121 0.590 -0.002 1.121 0.590 -0.574-0.136-0.309   0.000    0.000   -9.605   -2.270   -2.200
 -2.150 45.296 1.250 0.638  0.671  0.030 1.253 0.680  2.821 1.181 0.604  1.256 1.181 0.604  5.836 1.121 0.590 -0.002 1.121 0.590 -0.574-0.139-0.312   0.000    0.000   -9.600   -2.321   -2.150
 -2.100 45.281 1.250 0.638  0.679  0.030 1.253 0.680  2.846 1.181 0.604  1.284 1.181 0.604  5.834 1.121 0.590 -0.002 1.121 0.590 -0.573-0.142-0.314   0.000    0.000   -9.595   -2.373   -2.100
 -2.050 45.266 1.250 0.638  0.688  0.031 1.253 0.680  2.871 1.181 0.604  1.312 1.181 0.604  5.831 1.121 0.590 -0.002 1.121 0.590 -0.573-0.145-0.317   0.000    0.000   -9.590   -2.424   -2.050
 -2.000 45.252 1.250 0.638  0.696  0.032 1.253 0.680  2.895 1.181 0.604  1.340 1.181 0.604  5.829 1.121 0.590 -0.002 1.121 0.590 -0.573-0.148-0.320   0.000    0.000   -9.585   -2.476   -2.000
 -1.950 45.237 1.250 0.638  0.705  0.033 1.253 0.680  2.919 1.181 0.604  1.368 1.181 0.604  5.826 1.121 0.590 -0.002 1.121 0.590 -0.572-0.151-0.322   0.000    0.000   -9.580   -2.529   -1.950
 -1.900 45.223 1.250 0.638  0.713  0.033 1.253 0.680  2.943 1.181 0.604  1.397 1.181 0.604  5.824 1.121 0.590 -0.002 1.121 0.590 -0.572-0.154-0.325   0.000    0.000   -9.575   -2.581   -1.900
 -1.850 45.208 1.250 0.638  0.722  0.034 1.253 0.680  2.966 1.181 0.604  1.425 1.181 0.604  5.821 1.121 0.590 -0.002 1.121 0.590 -0.572-0.157-0.328   0.000    0.000   -9.570   -2.634   -1.850
 -1.800 45.193 1.250 0.638  0.730  0.035 1.253 0.680  2.989 1.181 0.604  1.454 1.181 0.604  5.819 1.121 0.590 -0.002 1.121 0.590 -0.572-0.161-0.330   0.000    0.000   -9.565   -2.687   -1.800
 -1.750 45.179 1.250 0.638  0.739  0.036 1.253 0.680  3.012 1.181 0.604  1.483 1.181 0.604  5.817 1.121 0.590 -0.002 1.121 0.590 -0.571-0.164-0.333   0.000    0.000   -9.560   -2.741   -1.750
 -1.700 45.164 1.250 0.638  0.747  0.037 1.253 0.680  3.034 1.181 0.604  1.512 1.181 0.604  5.814 1.121 0.590 -0.002 1.121 0.590 -0.571-0.167-0.335   0.000    0.000   -9.555   -2.794   -1.700
 -1.650 45.150 1.250 0.638  0.755  0.038 1.253 0.680  3.056 1.181 0.604  1.541 1.181 0.604  5.812 1.121 0.590 -0.002 1.121 0.590 -0.571-0.170-0.338   0.000    0.000   -9.550   -2.848   -1.650
 -1.600 45.135 1.250 0.638  0.764  0.038 1.253 0.680  3.078 1.181 0.604  1.570 1.181 0.604  5.809 1.121 0.590 -0.002 1.121 0.590 -0.570-0.173-0.340   0.000    0.000   -9.545   -2.902   -1.600
 -1.550 45.121 1.250 0.638  0.772  0.039 1.253 0.680  3.099 1.181 0.604  1.600 1.181 0.604  5.807 1.121 0.590 -0.002 1.121 0.590 -0.570-0.177-0.342   0.000    0.000   -9.540   -2.957   -1.550
 -1.500 45.106 1.250 0.638  0.781  0.040 1.253 0.680  3.120 1.181 0.604  1.629 1.181 0.604  5.804 1.121 0.590 -0.003 1.121 0.590 -0.570-0.180-0.345   0.000    0.000   -9.535   -3.011   -1.500
 -1.450 45.092 1.250 0.638  0.789  0.041 1.253 0.680  3.140 1.181 0.604  1.659 1.181 0.604  5.802 1.121 0.590 -0.003 1.121 0.590 -0.570-0.183-0.347   0.000    0.000   -9.530   -3.066   -1.450
 -1.400 45.077 1.250 0.638  0.798  0.042 1.253 0.680  3.160 1.181 0.604  1.689 1.181 0.604  5.799 1.121 0.590 -0.003 1.121 0.590 -0.569-0.187-0.349   0.000    0.000   -9.525   -3.121   -1.400
 -1.350 45.063 1.250 0.638  0.806  0.043 1.253 0.680  3.180 1.181 0.604  1.719 1.181 0.604  5.797 1.121 0.590 -0.003 1.121 0.590 -0.569-0.190-0.351   0.000    0.000   -9.520   -3.176   -1.350
 -1.300 45.048 1.250 0.638  0.815  0.044 1.253 0.680  3.200 1.181 0.604  1.748 1.181 0.604  5.795 1.121 0.590 -0.003 1.121 0.590 -0.569-0.193-0.353   0.000    0.000   -9.515   -3.231   -1.300
 -1.250 45.034 1.250 0.638  0.823  0.045 1.253 0.680  3.219 1.181 0.604  1.779 1.181 0.604  5.792 1.121 0.590 -0.003 1.121 0.590 -0.568-0.196-0.356   0.000    0.000   -9.510   -3.287   -1.250
 -1.200 45.019 1.250 0.638  0.832  0.046 1.253 0.680  3.238 1.181 0.604  1.809 1.181 0.604  5.790 1.121 0.590 -0.003 1.121 0.590 -0.568-0.200-0.358   0.000    0.000   -9.506   -3.343   -1.200
 -1.150 45.005 1.250 0.638  0.840  0.047 1.253 0.680  3.257 1.181 0.604  1.839 1.181 0.604  5.787 1.121 0.590 -0.003 1.121 0.590 -0.568-0.203-0.360   0.000    0.000   -9.501   -3.398   -1.150
 -1.100 44.990 1.250 0.638  0.848  0.047 1.253 0.680  3.275 1.181 0.604  1.869 1.181 0.604  5.785 1.121 0.590 -0.003 1.121 0.590 -0.567-0.206-0.362   0.000    0.000   -9.496   -3.454   -1.100
 -1.050 44.976 1.250 0.638  0.857  0.048 1.253 0.680  3.293 1.181 0.604  1.900 1.181 0.604  5.782 1.121 0.590 -0.003 1.121 0.590 -0.567-0.210-0.364   0.000    0.000   -9.491   -3.511   -1.050
 -1.000 44.961 1.250 0.638  0.865  0.049 1.253 0.680  3.310 1.181 0.604  1.930 1.181 0.604  5.780 1.121 0.590 -0.003 1.121 0.590 -0.567-0.213-0.366   0.000    0.000   -9.486   -3.567   -1.000
 -0.950 44.947 1.250 0.638  0.874  0.050 1.253 0.680  3.327 1.181 0.604  1.960 1.181 0.604  5.778 1.121 0.590 -0.003 1.121 0.590 -0.567-0.217-0.368   0.000    0.000   -9.481   -3.623   -0.950
 -0.900 44.933 1.250 0.638  0.882  0.051 1.253 0.680  3.344 1.181 0.604  1.991 1.181 0.604  5.775 1.121 0.590 -0.003 1.121 0.590 -0.566-0.220-0.369   0.000    0.000   -9.476   -3.680   -0.900
 -0.850 44.918 1.250 0.638  0.891  0.052 1.253 0.680  3.361 1.181 0.604  2.022 1.181 0.604  5.773 1.121 0.590 -0.003 1.121 0.590 -0.566-0.223-0.371   0.000    0.000   -9.471   -3.736   -0.850
 -0.800 44.904 1.250 0.638  0.899  0.053 1.253 0.680  3.377 1.181 0.604  2.052 1.181 0.604  5.770 1.121 0.590 -0.003 1.121 0.590 -0.566-0.227-0.373   0.000    0.000   -9.466   -3.793   -0.800
 -0.750 44.889 1.250 0.638  0.908  0.054 1.253 0.680  3.393 1.181 0.604  2.083 1.181 0.604  5.768 1.121 0.590 -0.003 1.121 0.590 -0.565-0.230-0.375   0.000    0.000   -9.461   -3.850   -0.750
 -0.700 44.875 1.250 0.638  0.916  0.055 1.253 0.680  3.408 1.181 0.604  2.114 1.181 0.604  5.765 1.121 0.590 -0.004 1.121 0.590 -0.565-0.233-0.376   0.000    0.000   -9.456   -3.907   -0.700
 -0.650 44.861 1.250 0.638  0.924  0.056 1.253 0.680  3.424 1.181 0.604  2.145 1.181 0.604  5.763 1.121 0.590 -0.004 1.121 0.590 -0.565-0.237-0.378   0.000    0.000   -9.451   -3.964   -0.650
 -0.600 44.846 1.250 0.638  0.933  0.057 1.253 0.680  3.439 1.181 0.604  2.176 1.181 0.604  5.760 1.121 0.590 -0.004 1.121 0.590 -0.565-0.240-0.380   0.000    0.000   -9.447   -4.021   -0.600
 -0.550 44.832 1.250 0.638  0.941  0.058 1.253 0.680  3.453 1.181 0.604  2.207 1.181 0.604  5.758 1.121 0.590 -0.004 1.121 0.590 -0.564-0.244-0.381   0.000    0.000   -9.442   -4.078   -0.550
 -0.500 44.818 1.250 0.638  0.950  0.059 1.253 0.680  3.467 1.181 0.604  2.237 1.181 0.604  5.756 1.121 0.590 -0.004 1.121 0.590 -0.564-0.247-0.383   0.000    0.000   -9.437   -4.135   -0.500
 -0.450 44.803 1.250 0.638  0.958  0.061 1.253 0.680  3.481 1.181 0.604  2.268 1.181 0.604  5.753 1.121 0.590 -0.004 1.121 0.590 -0.564-0.251-0.385   0.000    0.000   -9.432   -4.192   -0.450
 -0.400 44.789 1.250 0.638  0.967  0.062 1.253 0.680  3.495 1.181 0.604  2.299 1.181 0.604  5.751 1.121 0.590 -0.004 1.121 0.590 -0.563-0.254-0.386   0.000    0.000   -9.427   -4.250   -0.400
 -0.350 44.775 1.250 0.638  0.975  0.063 1.253 0.680  3.508 1.181 0.604  2.330 1.181 0.604  5.748 1.121 0.590 -0.004 1.121 0.590 -0.563-0.257-0.387   0.000    0.000   -9.422   -4.307   -0.350
 -0.300 44.760 1.250 0.638  0.983  0.064 1.253 0.680  3.521 1.181 0.604  2.361 1.181 0.604  5.746 1.121 0.590 -0.004 1.121 0.590 -0.563-0.261-0.389   0.000    0.000   -9.417   -4.364   -0.300
 -0.250 44.746 1.250 0.638  0.992  0.065 1.253 0.680  3.534 1.181 0.604  2.392 1.181 0.604  5.743 1.121 0.590 -0.004 1.121 0.590 -0.562-0.264-0.390   0.000    0.000   -9.412   -4.422   -0.250
 -0.200 44.732 1.250 0.638  1.000  0.066 1.253 0.680  3.546 1.181 0.604  2.424 1.181 0.604  5.741 1.121 0.590 -0.004 1.121 0.590 -0.562-0.268-0.392   0.000    0.000   -9.407   -4.479   -0.200
 -0.150 44.718 1.250 0.638  1.009  0.067 1.253 0.680  3.558 1.181 0.604  2.455 1.181 0.604  5.739 1.121 0.590 -0.004 1.121 0.590 -0.562-0.271-0.393   0.000    0.000   -9.403   -4.536   -0.150
 -0.100 44.703 1.250 0.638  1.017  0.068 1.253 0.680  3.570 1.181 0.604  2.486 1.181 0.604  5.736 1.121 0.590 -0.004 1.121 0.590 -0.562-0.275-0.394   0.000    0.000   -9.398   -4.594   -0.100
 -0.050 44.689 1.250 0.638  1.025  0.069 1.253 0.680  3.582 1.181 0.604  2.517 1.181 0.604  5.734 1.121 0.590 -0.004 1.121 0.590 -0.561-0.278-0.396   0.000    0.000   -9.393   -4.651   -0.050
  0.000 44.675 1.250 0.638  1.034  0.071 1.253 0.680  3.593 1.181 0.604  2.548 1.181 0.604  5.731 1.121 0.590 -0.004 1.121 0.590 -0.561-0.281-0.397   0.000    0.000   -9.388   -4.709    0.000
  0.050 44.661 1.250 0.638  1.042  0.072 1.253 0.680  3.604 1.181 0.604  2.579 1.181 0.604  5.729 1.121 0.590 -0.005 1.121 0.590 -0.561-0.285-0.398   0.000    0.000   -9.383   -4.766    0.050
  0.100 44.646 1.250 0.638  1.051  0.073 1.253 0.680  3.614 1.181 0.604  2.610 1.181 0.604  5.726 1.121 0.590 -0.005 1.121 0.590 -0.560-0.288-0.399   0.000    0.000   -9.378   -4.823    0.100
  0.150 44.632 1.250 0.638  1.059  0.074 1.253 0.680  3.624 1.181 0.604  2.641 1.181 0.604  5.724 1.121 0.590 -0.005 1.121 0.590 -0.560-0.292-0.400   0.000    0.000   -9.373   -4.881    0.150
  0.200 44.618 1.250 0.638  1.067  0.075 1.253 0.680  3.634 1.181 0.604  2.672 1.181 0.604  5.722 1.121 0.590 -0.005 1.121 0.590 -0.560-0.295-0.401   0.000    0.000   -9.369   -4.938    0.200
  0.250 44.604 1.250 0.638  1.076  0.076 1.253 0.680  3.644 1.181 0.604  2.703 1.181 0.604  5.719 1.121 0.590 -0.005 1.121 0.590 -0.560-0.299-0.402   0.000    0.000   -9.364   -4.995    0.250
  0.300 44.590 1.250 0.638  1.084  0.078 1.253 0.680  3.653 1.181 0.604  2.734 1.181 0.604  5.717 1.121 0.590 -0.005 1.121 0.590 -0.559-0.302-0.403   0.000    0.000   -9.359   -5.053    0.300
  0.350 44.576 1.250 0.638  1.093  0.079 1.253 0.680  3.662 1.181 0.604  2.765 1.181 0.604  5.714 1.121 0.590 -0.005 1.121 0.590 -0.559-0.305-0.404   0.000    0.000   -9.354   -5.110    0.350
  0.400 44.561 1.250 0.638  1.101  0.080 1.253 0.680  3.671 1.181 0.604  2.796 1.181 0.604  5.712 1.121 0.590 -0.005 1.121 0.590 -0.559-0.309-0.405   0.000    0.000   -9.349   -5.167    0.400
  0.450 44.547 1.250 0.638  1.109  0.081 1.253 0.680  3.679 1.181 0.604  2.827 1.181 0.604  5.710 1.121 0.590 -0.005 1.121 0.590 -0.558-0.312-0.406   0.000    0.000   -9.344   -5.224    0.450
  0.500 44.533 1.250 0.638  1.118  0.083 1.253 0.680  3.687 1.181 0.604  2.857 1.181 0.604  5.707 1.121 0.590 -0.005 1.121 0.590 -0.558-0.316-0.407   0.000    0.000   -9.339   -5.281    0.500
  0.550 44.519 1.250 0.638  1.126  0.084 1.253 0.680  3.695 1.181 0.604  2.888 1.181 0.604  5.705 1.121 0.590 -0.005 1.121 0.590 -0.558-0.319-0.408   0.000    0.000   -9.335   -5.338    0.550
  0.600 44.505 1.250 0.638  1.135  0.085 1.253 0.680  3.703 1.181 0.604  2.919 1.181 0.604  5.702 1.121 0.590 -0.005 1.121 0.590 -0.558-0.322-0.409   0.000    0.000   -9.330   -5.395    0.600
  0.650 44.491 1.250 0.638  1.143  0.086 1.253 0.680  3.710 1.181 0.604  2.950 1.181 0.604  5.700 1.121 0.590 -0.005 1.121 0.590 -0.557-0.326-0.410   0.000    0.000   -9.325   -5.452    0.650
  0.700 44.477 1.250 0.638  1.151  0.088 1.253 0.680  3.717 1.181 0.604  2.980 1.181 0.604  5.697 1.121 0.590 -0.006 1.121 0.590 -0.557-0.329-0.411   0.000    0.000   -9.320   -5.508    0.700
  0.750 44.463 1.250 0.638  1.160  0.089 1.253 0.680  3.724 1.181 0.604  3.011 1.181 0.604  5.695 1.121 0.590 -0.006 1.121 0.590 -0.557-0.333-0.411   0.000    0.000   -9.315   -5.565    0.750
  0.800 44.449 1.250 0.638  1.168  0.090 1.253 0.680  3.730 1.181 0.604  3.042 1.181 0.604  5.693 1.121 0.590 -0.006 1.121 0.590 -0.556-0.336-0.412   0.000    0.000   -9.310   -5.621    0.800
  0.850 44.434 1.250 0.638  1.176  0.091 1.253 0.680  3.737 1.181 0.604  3.072 1.181 0.604  5.690 1.121 0.590 -0.006 1.121 0.590 -0.556-0.339-0.413   0.000    0.000   -9.306   -5.678    0.850
  0.900 44.420 1.250 0.638  1.185  0.093 1.253 0.680  3.743 1.181 0.604  3.103 1.181 0.604  5.688 1.121 0.590 -0.006 1.121 0.590 -0.556-0.343-0.413   0.000    0.000   -9.301   -5.734    0.900
  0.950 44.406 1.250 0.638  1.193  0.094 1.253 0.680  3.748 1.181 0.604  3.133 1.181 0.604  5.685 1.121 0.590 -0.006 1.121 0.590 -0.556-0.346-0.414   0.000    0.000   -9.296   -5.790    0.950
  1.000 44.392 1.250 0.638  1.201  0.095 1.253 0.680  3.754 1.181 0.604  3.163 1.181 0.604  5.683 1.121 0.590 -0.006 1.121 0.590 -0.555-0.349-0.415   0.000    0.000   -9.291   -5.846    1.000
  1.050 44.378 1.250 0.638  1.210  0.097 1.253 0.680  3.759 1.181 0.604  3.194 1.181 0.604  5.680 1.121 0.590 -0.006 1.121 0.590 -0.555-0.353-0.415   0.000    0.000   -9.286   -5.902    1.050
  1.100 44.364 1.250 0.638  1.218  0.098 1.253 0.680  3.764 1.181 0.604  3.224 1.181 0.604  5.678 1.121 0.590 -0.006 1.121 0.590 -0.555-0.356-0.416   0.000    0.000   -9.282   -5.958    1.100
  1.150 44.350 1.250 0.638  1.227  0.099 1.253 0.680  3.768 1.181 0.604  3.254 1.181 0.604  5.676 1.121 0.590 -0.006 1.121 0.590 -0.554-0.359-0.416   0.000    0.000   -9.277   -6.014    1.150
  1.200 44.336 1.250 0.638  1.235  0.101 1.253 0.680  3.773 1.181 0.604  3.284 1.181 0.604  5.673 1.121 0.590 -0.006 1.121 0.590 -0.554-0.363-0.417   0.000    0.000   -9.272   -6.070    1.200
  1.250 44.322 1.250 0.638  1.243  0.102 1.253 0.680  3.777 1.181 0.604  3.314 1.181 0.604  5.671 1.121 0.590 -0.007 1.121 0.590 -0.554-0.366-0.417   0.000    0.000   -9.267   -6.125    1.250
  1.300 44.308 1.250 0.638  1.252  0.104 1.253 0.680  3.780 1.181 0.604  3.344 1.181 0.604  5.668 1.121 0.590 -0.007 1.121 0.590 -0.554-0.369-0.418   0.000    0.000   -9.262   -6.180    1.300
  1.350 44.294 1.250 0.638  1.260  0.105 1.253 0.680  3.784 1.181 0.604  3.374 1.181 0.604  5.666 1.121 0.590 -0.007 1.121 0.590 -0.553-0.373-0.418   0.000    0.000   -9.257   -6.236    1.350
  1.400 44.280 1.250 0.638  1.268  0.106 1.253 0.680  3.787 1.181 0.604  3.404 1.181 0.604  5.664 1.121 0.590 -0.007 1.121 0.590 -0.553-0.376-0.418   0.000    0.000   -9.253   -6.291    1.400
  1.450 44.266 1.250 0.638  1.277  0.108 1.253 0.680  3.790 1.181 0.604  3.433 1.181 0.604  5.661 1.121 0.590 -0.007 1.121 0.590 -0.553-0.379-0.419   0.000    0.000   -9.248   -6.346    1.450
  1.500 44.252 1.250 0.638  1.285  0.109 1.253 0.680  3.793 1.181 0.604  3.463 1.181 0.604  5.659 1.121 0.590 -0.007 1.121 0.590 -0.552-0.382-0.419   0.000    0.000   -9.243   -6.400    1.500
  1.550 44.239 1.250 0.638  1.293  0.111 1.253 0.680  3.796 1.181 0.604  3.493 1.181 0.604  5.656 1.121 0.590 -0.007 1.121 0.590 -0.552-0.386-0.419   0.000    0.000   -9.238   -6.455    1.550
  1.600 44.225 1.250 0.638  1.302  0.112 1.253 0.680  3.798 1.181 0.604  3.522 1.181 0.604  5.654 1.121 0.590 -0.007 1.121 0.590 -0.552-0.389-0.420   0.000    0.000   -9.234   -6.509    1.600
  1.650 44.211 1.250 0.638  1.310  0.114 1.253 0.680  3.800 1.181 0.604  3.551 1.181 0.604  5.651 1.121 0.590 -0.007 1.121 0.590 -0.552-0.392-0.420   0.000    0.000   -9.229   -6.564    1.650
  1.700 44.197 1.250 0.638  1.318  0.115 1.253 0.680  3.802 1.181 0.604  3.581 1.181 0.604  5.649 1.121 0.590 -0.007 1.121 0.590 -0.551-0.395-0.420   0.000    0.000   -9.224   -6.618    1.700
  1.750 44.183 1.250 0.638  1.327  0.116 1.253 0.680  3.804 1.181 0.604  3.610 1.181 0.604  5.647 1.121 0.590 -0.007 1.121 0.590 -0.551-0.399-0.420   0.000    0.000   -9.219   -6.672    1.750
  1.800 44.169 1.250 0.638  1.335  0.118 1.253 0.680  3.805 1.181 0.604  3.639 1.181 0.604  5.644 1.121 0.590 -0.008 1.121 0.590 -0.551-0.402-0.420   0.000    0.000   -9.214   -6.725    1.800
  1.850 44.155 1.250 0.638  1.343  0.119 1.253 0.680  3.806 1.181 0.604  3.668 1.181 0.604  5.642 1.121 0.590 -0.008 1.121 0.590 -0.550-0.405-0.420   0.000    0.000   -9.210   -6.779    1.850
  1.900 44.141 1.250 0.638  1.352  0.121 1.253 0.680  3.807 1.181 0.604  3.697 1.181 0.604  5.639 1.121 0.590 -0.008 1.121 0.590 -0.550-0.408-0.421   0.000    0.000   -9.205   -6.832    1.900
  1.950 44.127 1.250 0.638  1.360  0.122 1.253 0.680  3.808 1.181 0.604  3.726 1.181 0.604  5.637 1.121 0.590 -0.008 1.121 0.590 -0.550-0.411-0.421   0.000    0.000   -9.200   -6.886    1.950
  2.000 44.113 1.250 0.638  1.368  0.124 1.253 0.680  3.809 1.181 0.604  3.754 1.181 0.604  5.635 1.121 0.590 -0.008 1.121 0.590 -0.550-0.415-0.421   0.000    0.000   -9.195   -6.939    2.000
  2.050 44.100 1.250 0.638  1.376  0.125 1.253 0.680  3.809 1.181 0.604  3.783 1.181 0.604  5.632 1.121 0.590 -0.008 1.121 0.590 -0.549-0.418-0.421   0.000    0.000   -9.191   -6.992    2.050
  2.100 44.086 1.250 0.638  1.385  0.127 1.253 0.680  3.809 1.181 0.604  3.812 1.181 0.604  5.630 1.121 0.590 -0.008 1.121 0.590 -0.549-0.421-0.421   0.000    0.000   -9.186   -7.044    2.100
  2.150 44.072 1.250 0.638  1.393  0.129 1.253 0.680  3.809 1.181 0.604  3.840 1.181 0.604  5.627 1.121 0.590 -0.008 1.121 0.590 -0.549-0.424-0.421   0.000    0.000   -9.181   -7.097    2.150
  2.200 44.058 1.250 0.638  1.401  0.130 1.253 0.680  3.809 1.181 0.604  3.868 1.181 0.604  5.625 1.121 0.590 -0.008 1.121 0.590 -0.548-0.427-0.421   0.000    0.000   -9.176   -7.149    2.200
  2.250 44.044 1.250 0.638  1.410  0.132 1.253 0.680  3.808 1.181 0.604  3.896 1.181 0.604  5.623 1.121 0.590 -0.008 1.121 0.590 -0.548-0.430-0.421   0.000    0.000   -9.171   -7.201    2.250
  2.300 44.030 1.250 0.638  1.418  0.133 1.253 0.680  3.807 1.181 0.604  3.925 1.181 0.604  5.620 1.121 0.590 -0.009 1.121 0.590 -0.548-0.433-0.421   0.000    0.000   -9.167   -7.253    2.300
  2.350 44.017 1.250 0.638  1.426  0.135 1.253 0.680  3.806 1.181 0.604  3.952 1.181 0.604  5.618 1.121 0.590 -0.009 1.121 0.590 -0.548-0.437-0.420   0.000    0.000   -9.162   -7.305    2.350
  2.400 44.003 1.250 0.638  1.435  0.136 1.253 0.680  3.805 1.181 0.604  3.980 1.181 0.604  5.615 1.121 0.590 -0.009 1.121 0.590 -0.547-0.440-0.420   0.000    0.000   -9.157   -7.356    2.400
  2.450 43.989 1.250 0.638  1.443  0.138 1.253 0.680  3.804 1.181 0.604  4.008 1.181 0.604  5.613 1.121 0.590 -0.009 1.121 0.590 -0.547-0.443-0.420   0.000    0.000   -9.152   -7.408    2.450
  2.500 43.975 1.250 0.638  1.451  0.140 1.253 0.680  3.802 1.181 0.604  4.036 1.181 0.604  5.611 1.121 0.590 -0.009 1.121 0.590 -0.547-0.446-0.420   0.000    0.000   -9.148   -7.459    2.500
  2.550 43.962 1.250 0.638  1.459  0.141 1.253 0.680  3.800 1.181 0.604  4.063 1.181 0.604  5.608 1.121 0.590 -0.009 1.121 0.590 -0.546-0.449-0.420   0.000    0.000   -9.143   -7.510    2.550
  2.600 43.948 1.250 0.638  1.468  0.143 1.253 0.680  3.798 1.181 0.604  4.091 1.181 0.604  5.606 1.121 0.590 -0.009 1.121 0.590 -0.546-0.452-0.420   0.000    0.000   -9.138   -7.560    2.600
  2.650 43.934 1.250 0.638  1.476  0.144 1.253 0.680  3.796 1.181 0.604  4.118 1.181 0.604  5.603 1.121 0.590 -0.009 1.121 0.590 -0.546-0.455-0.419   0.000    0.000   -9.134   -7.611    2.650
  2.700 43.920 1.250 0.638  1.484  0.146 1.253 0.680  3.794 1.181 0.604  4.145 1.181 0.604  5.601 1.121 0.590 -0.009 1.121 0.590 -0.546-0.458-0.419   0.000    0.000   -9.129   -7.661    2.700
  2.750 43.907 1.250 0.638  1.492  0.148 1.253 0.680  3.791 1.181 0.604  4.172 1.181 0.604  5.599 1.121 0.590 -0.009 1.121 0.590 -0.545-0.461-0.419   0.000    0.000   -9.124   -7.711    2.750
  2.800 43.893 1.250 0.638  1.501  0.149 1.253 0.680  3.789 1.181 0.604  4.199 1.181 0.604  5.596 1.121 0.590 -0.010 1.121 0.590 -0.545-0.464-0.418   0.000    0.000   -9.119   -7.761    2.800
  2.850 43.879 1.250 0.638  1.509  0.151 1.253 0.680  3.786 1.181 0.604  4.226 1.181 0.604  5.594 1.121 0.590 -0.010 1.121 0.590 -0.545-0.467-0.418   0.000    0.000   -9.115   -7.810    2.850
  2.900 43.865 1.250 0.638  1.517  0.153 1.253 0.680  3.783 1.181 0.604  4.253 1.181 0.604  5.591 1.121 0.590 -0.010 1.121 0.590 -0.544-0.470-0.418   0.000    0.000   -9.110   -7.860    2.900
  2.950 43.852 1.250 0.638  1.526  0.154 1.253 0.680  3.779 1.181 0.604  4.279 1.181 0.604  5.589 1.121 0.590 -0.010 1.121 0.590 -0.544-0.473-0.417   0.000    0.000   -9.105   -7.909    2.950
  3.000 43.838 1.250 0.638  1.534  0.156 1.253 0.680  3.776 1.181 0.604  4.306 1.181 0.604  5.587 1.121 0.590 -0.010 1.121 0.590 -0.544-0.476-0.417   0.000    0.000   -9.100   -7.958    3.000
