Reference Number = 2408 Incident Particle: neutron  Target: Z= 94 A= 239 Ef = -6.090
En(MeV)   RealPot   RVolPot   RSurPot    VSOPot   DVolPot    DVolNonL  DVolSym    ImPot    ImVolPot   ImSurPot   WSOPot
 -6.000   411.585   411.054     0.531    -4.506     0.138     0.013     0.125     0.006     0.000     0.005     0.000
 -5.950   411.743   410.918     0.825    -4.504     0.215     0.020     0.195     0.013     0.000     0.013     0.000
 -5.900   411.900   410.781     1.119    -4.502     0.291     0.027     0.264     0.025     0.001     0.024     0.000
 -5.850   412.058   410.645     1.413    -4.500     0.368     0.034     0.334     0.039     0.001     0.038     0.000
 -5.800   412.216   410.509     1.706    -4.498     0.444     0.041     0.403     0.057     0.001     0.056     0.000
 -5.750   412.373   410.373     2.000    -4.496     0.521     0.048     0.473     0.079     0.002     0.077     0.000
 -5.700   412.530   410.237     2.293    -4.495     0.597     0.055     0.542     0.103     0.003     0.101     0.000
 -5.650   412.687   410.101     2.585    -4.493     0.674     0.062     0.612     0.131     0.003     0.128     0.000
 -5.600   412.843   409.966     2.877    -4.491     0.751     0.069     0.681     0.163     0.004     0.159     0.000
 -5.550   412.999   409.830     3.169    -4.489     0.827     0.076     0.751     0.197     0.005     0.192     0.000
 -5.500   413.155   409.695     3.460    -4.487     0.904     0.083     0.820     0.235     0.006     0.229     0.000
 -5.450   413.310   409.559     3.750    -4.485     0.980     0.091     0.890     0.277     0.007     0.270     0.000
 -5.400   413.464   409.424     4.040    -4.484     1.057     0.098     0.959     0.321     0.008     0.313     0.000
 -5.350   413.618   409.289     4.329    -4.482     1.133     0.105     1.029     0.369     0.009     0.360     0.000
 -5.300   413.772   409.154     4.617    -4.480     1.210     0.112     1.098     0.420     0.011     0.409     0.000
 -5.250   413.924   409.019     4.905    -4.478     1.287     0.119     1.168     0.474     0.012     0.462     0.000
 -5.200   414.076   408.884     5.192    -4.476     1.363     0.126     1.237     0.532     0.014     0.518     0.000
 -5.150   414.227   408.750     5.477    -4.474     1.440     0.133     1.307     0.593     0.015     0.577     0.000
 -5.100   414.377   408.615     5.762    -4.472     1.516     0.140     1.376     0.656     0.017     0.640     0.000
 -5.050   414.527   408.481     6.046    -4.471     1.593     0.147     1.446     0.723     0.019     0.705     0.000
 -5.000   414.676   408.346     6.329    -4.469     1.669     0.154     1.515     0.793     0.020     0.773     0.000
 -4.950   414.823   408.212     6.611    -4.467     1.746     0.161     1.584     0.867     0.022     0.844     0.000
 -4.900   414.970   408.078     6.892    -4.465     1.822     0.168     1.654     0.943     0.024     0.919     0.000
 -4.850   415.115   407.944     7.172    -4.463     1.899     0.176     1.723     1.022     0.026     0.996     0.000
 -4.800   415.260   407.810     7.450    -4.461     1.975     0.183     1.793     1.105     0.029     1.076     0.000
 -4.750   415.404   407.676     7.728    -4.460     2.052     0.190     1.862     1.190     0.031     1.159     0.000
 -4.700   415.546   407.542     8.004    -4.458     2.129     0.197     1.932     1.278     0.033     1.245     0.000
 -4.650   415.687   407.409     8.278    -4.456     2.205     0.204     2.001     1.370     0.036     1.334     0.000
 -4.600   415.827   407.275     8.552    -4.454     2.282     0.211     2.071     1.464     0.038     1.426     0.000
 -4.550   415.966   407.142     8.824    -4.452     2.358     0.218     2.140     1.561     0.041     1.521     0.000
 -4.500   416.103   407.008     9.095    -4.450     2.435     0.225     2.209     1.661     0.043     1.618     0.000
 -4.450   416.240   406.875     9.364    -4.449     2.511     0.232     2.279     1.764     0.046     1.718     0.000
 -4.400   416.374   406.742     9.632    -4.447     2.588     0.239     2.348     1.870     0.049     1.821     0.000
 -4.350   416.508   406.609     9.899    -4.445     2.664     0.246     2.418     1.979     0.052     1.927     0.000
 -4.300   416.640   406.476    10.164    -4.443     2.741     0.253     2.487     2.090     0.055     2.035     0.000
 -4.250   416.770   406.343    10.427    -4.441     2.817     0.261     2.556     2.204     0.058     2.146     0.000
 -4.200   416.899   406.211    10.689    -4.439     2.894     0.268     2.626     2.321     0.061     2.260     0.000
 -4.150   417.027   406.078    10.949    -4.437     2.970     0.275     2.695     2.440     0.065     2.376     0.000
 -4.100   417.153   405.946    11.207    -4.436     3.046     0.282     2.765     2.563     0.068     2.495     0.000
 -4.050   417.277   405.813    11.464    -4.434     3.123     0.289     2.834     2.687     0.071     2.616     0.000
 -4.000   417.400   405.681    11.719    -4.432     3.199     0.296     2.903     2.815     0.075     2.740     0.000
 -3.950   417.521   405.549    11.973    -4.430     3.276     0.303     2.973     2.945     0.079     2.866     0.000
 -3.900   417.641   405.417    12.224    -4.428     3.352     0.310     3.042     3.077     0.082     2.995     0.000
 -3.850   417.759   405.285    12.474    -4.426     3.429     0.317     3.111     3.212     0.086     3.126     0.000
 -3.800   417.875   405.153    12.722    -4.425     3.505     0.324     3.181     3.350     0.090     3.260     0.000
 -3.750   417.989   405.021    12.968    -4.423     3.582     0.331     3.250     3.490     0.094     3.396     0.000
 -3.700   418.102   404.889    13.212    -4.421     3.658     0.339     3.319     3.632     0.098     3.534     0.001
 -3.650   418.213   404.758    13.455    -4.419     3.734     0.346     3.389     3.777     0.102     3.675     0.001
 -3.600   418.322   404.626    13.695    -4.417     3.811     0.353     3.458     3.924     0.106     3.818     0.001
 -3.550   418.429   404.495    13.934    -4.415     3.887     0.360     3.527     4.074     0.111     3.963     0.001
 -3.500   418.534   404.364    14.170    -4.414     3.964     0.367     3.597     4.225     0.115     4.110     0.001
 -3.450   418.637   404.233    14.405    -4.412     4.040     0.374     3.666     4.379     0.120     4.260     0.001
 -3.400   418.739   404.101    14.637    -4.410     4.116     0.381     3.735     4.535     0.124     4.411     0.001
 -3.350   418.838   403.970    14.868    -4.408     4.193     0.388     3.804     4.694     0.129     4.565     0.001
 -3.300   418.936   403.840    15.096    -4.406     4.269     0.395     3.874     4.854     0.134     4.720     0.001
 -3.250   419.032   403.709    15.323    -4.404     4.345     0.402     3.943     5.017     0.138     4.878     0.001
 -3.200   419.125   403.578    15.547    -4.403     4.422     0.410     4.012     5.181     0.143     5.038     0.001
 -3.150   419.217   403.448    15.769    -4.401     4.498     0.417     4.081     5.348     0.148     5.200     0.001
 -3.100   419.306   403.317    15.989    -4.399     4.574     0.424     4.151     5.517     0.153     5.363     0.001
 -3.050   419.394   403.187    16.207    -4.397     4.651     0.431     4.220     5.687     0.158     5.529     0.001
 -3.000   419.479   403.056    16.423    -4.395     4.727     0.438     4.289     5.860     0.164     5.696     0.001
 -2.950   419.563   402.926    16.636    -4.393     4.803     0.445     4.358     6.034     0.169     5.865     0.001
 -2.900   419.644   402.796    16.848    -4.392     4.880     0.452     4.427     6.211     0.175     6.036     0.001
 -2.850   419.723   402.666    17.057    -4.390     4.956     0.459     4.497     6.389     0.180     6.209     0.001
 -2.800   419.800   402.536    17.264    -4.388     5.032     0.466     4.566     6.569     0.186     6.383     0.001
 -2.750   419.875   402.406    17.469    -4.386     5.108     0.473     4.635     6.751     0.191     6.559     0.001
 -2.700   419.948   402.277    17.671    -4.384     5.185     0.481     4.704     6.934     0.197     6.737     0.001
 -2.650   420.018   402.147    17.871    -4.382     5.261     0.488     4.773     7.119     0.203     6.916     0.001
 -2.600   420.087   402.018    18.069    -4.381     5.337     0.495     4.842     7.306     0.209     7.097     0.001
 -2.550   420.153   401.888    18.265    -4.379     5.413     0.502     4.911     7.495     0.215     7.280     0.001
 -2.500   420.217   401.759    18.458    -4.377     5.490     0.509     4.981     7.685     0.221     7.464     0.001
 -2.450   420.279   401.630    18.649    -4.375     5.566     0.516     5.050     7.876     0.227     7.649     0.001
 -2.400   420.339   401.501    18.838    -4.373     5.642     0.523     5.119     8.069     0.233     7.836     0.001
 -2.350   420.396   401.372    19.024    -4.371     5.718     0.530     5.188     8.264     0.240     8.024     0.001
 -2.300   420.451   401.243    19.208    -4.370     5.794     0.537     5.257     8.460     0.246     8.214     0.001
 -2.250   420.504   401.114    19.390    -4.368     5.870     0.545     5.326     8.657     0.253     8.404     0.001
 -2.200   420.555   400.985    19.570    -4.366     5.947     0.552     5.395     8.856     0.259     8.597     0.001
 -2.150   420.603   400.856    19.747    -4.364     6.023     0.559     5.464     9.056     0.266     8.790     0.001
 -2.100   420.649   400.728    19.921    -4.362     6.099     0.566     5.533     9.257     0.273     8.985     0.001
 -2.050   420.693   400.599    20.094    -4.360     6.175     0.573     5.602     9.460     0.280     9.180     0.001
 -2.000   420.735   400.471    20.264    -4.359     6.251     0.580     5.671     9.664     0.287     9.377     0.002
 -1.950   420.774   400.343    20.431    -4.357     6.327     0.587     5.740     9.869     0.294     9.576     0.002
 -1.900   420.811   400.215    20.597    -4.355     6.403     0.594     5.809    10.075     0.301     9.775     0.002
 -1.850   420.846   400.087    20.760    -4.353     6.479     0.601     5.878    10.283     0.308     9.975     0.002
 -1.800   420.879   399.959    20.920    -4.351     6.555     0.609     5.947    10.491     0.315    10.176     0.002
 -1.750   420.909   399.831    21.078    -4.349     6.631     0.616     6.016    10.701     0.323    10.378     0.002
 -1.700   420.937   399.703    21.234    -4.348     6.707     0.623     6.085    10.912     0.330    10.582     0.002
 -1.650   420.963   399.575    21.388    -4.346     6.783     0.630     6.153    11.123     0.338    10.786     0.002
 -1.600   420.986   399.447    21.539    -4.344     6.859     0.637     6.222    11.336     0.345    10.991     0.002
 -1.550   421.007   399.320    21.687    -4.342     6.935     0.644     6.291    11.549     0.353    11.196     0.002
 -1.500   421.026   399.192    21.834    -4.340     7.011     0.651     6.360    11.764     0.361    11.403     0.002
 -1.450   421.043   399.065    21.978    -4.339     7.087     0.658     6.429    11.979     0.369    11.610     0.002
 -1.400   421.057   398.938    22.119    -4.337     7.163     0.665     6.498    12.195     0.377    11.819     0.002
 -1.350   421.069   398.811    22.258    -4.335     7.239     0.673     6.566    12.412     0.385    12.027     0.002
 -1.300   421.079   398.684    22.395    -4.333     7.315     0.680     6.635    12.630     0.393    12.237     0.002
 -1.250   421.086   398.557    22.530    -4.331     7.391     0.687     6.704    12.848     0.401    12.447     0.002
 -1.200   421.092   398.430    22.662    -4.329     7.467     0.694     6.773    13.067     0.409    12.658     0.002
 -1.150   421.095   398.303    22.792    -4.328     7.543     0.701     6.841    13.287     0.418    12.870     0.002
 -1.100   421.095   398.176    22.919    -4.326     7.618     0.708     6.910    13.508     0.426    13.082     0.002
 -1.050   421.094   398.050    23.044    -4.324     7.694     0.715     6.979    13.729     0.435    13.294     0.002
 -1.000   421.090   397.923    23.167    -4.322     7.770     0.722     7.048    13.950     0.443    13.507     0.002
 -0.950   421.084   397.797    23.287    -4.320     7.846     0.730     7.116    14.173     0.452    13.721     0.002
 -0.900   421.076   397.670    23.406    -4.318     7.922     0.737     7.185    14.395     0.461    13.935     0.002
 -0.850   421.065   397.544    23.521    -4.317     7.997     0.744     7.254    14.619     0.470    14.149     0.002
 -0.800   421.053   397.418    23.635    -4.315     8.073     0.751     7.322    14.842     0.479    14.364     0.003
 -0.750   421.038   397.292    23.746    -4.313     8.149     0.758     7.391    15.067     0.488    14.579     0.003
 -0.700   421.021   397.166    23.855    -4.311     8.225     0.765     7.459    15.291     0.497    14.794     0.003
 -0.650   421.001   397.040    23.962    -4.309     8.300     0.772     7.528    15.516     0.506    15.010     0.003
 -0.600   420.980   396.914    24.066    -4.308     8.376     0.779     7.597    15.742     0.515    15.226     0.003
 -0.550   420.956   396.788    24.168    -4.306     8.452     0.787     7.665    15.967     0.525    15.443     0.003
 -0.500   420.931   396.663    24.268    -4.304     8.527     0.794     7.734    16.193     0.534    15.659     0.003
 -0.450   420.903   396.537    24.365    -4.302     8.603     0.801     7.802    16.420     0.544    15.876     0.003
 -0.400   420.872   396.412    24.461    -4.300     8.679     0.808     7.871    16.646     0.553    16.093     0.003
 -0.350   420.840   396.286    24.554    -4.298     8.754     0.815     7.939    16.873     0.563    16.310     0.003
 -0.300   420.806   396.161    24.645    -4.297     8.830     0.822     8.007    17.100     0.573    16.527     0.003
 -0.250   420.769   396.036    24.734    -4.295     8.905     0.829     8.076    17.327     0.583    16.744     0.003
 -0.200   420.731   395.911    24.820    -4.293     8.981     0.836     8.144    17.554     0.593    16.962     0.003
 -0.150   420.690   395.786    24.904    -4.291     9.056     0.844     8.213    17.782     0.603    17.179     0.003
 -0.100   420.647   395.661    24.987    -4.289     9.132     0.851     8.281    18.009     0.613    17.396     0.003
 -0.050   420.602   395.536    25.067    -4.288     9.207     0.858     8.349    18.237     0.623    17.614     0.003
  0.000   420.555   395.411    25.144    -4.286     9.283     0.865     8.418    18.465     0.633    17.831     0.003
  0.050   420.506   395.286    25.220    -4.284     9.358     0.872     8.486    18.692     0.644    18.048     0.003
  0.100   420.455   395.162    25.294    -4.282     9.434     0.879     8.554    18.920     0.654    18.266     0.003
  0.150   420.402   395.037    25.365    -4.280     9.509     0.886     8.623    19.148     0.665    18.483     0.004
  0.200   420.347   394.913    25.435    -4.278     9.585     0.894     8.691    19.375     0.675    18.700     0.004
  0.250   420.290   394.788    25.502    -4.277     9.660     0.901     8.759    19.603     0.686    18.917     0.004
  0.300   420.231   394.664    25.567    -4.275     9.735     0.908     8.827    19.830     0.697    19.133     0.004
  0.350   420.170   394.540    25.630    -4.273     9.811     0.915     8.896    20.058     0.708    19.350     0.004
  0.400   420.107   394.416    25.691    -4.271     9.886     0.922     8.964    20.285     0.719    19.566     0.004
  0.450   420.042   394.292    25.750    -4.269     9.961     0.929     9.032    20.512     0.730    19.782     0.004
  0.500   419.975   394.168    25.807    -4.268    10.036     0.936     9.100    20.739     0.741    19.998     0.004
  0.550   419.906   394.044    25.863    -4.266    10.112     0.943     9.168    20.966     0.752    20.214     0.004
  0.600   419.836   393.920    25.916    -4.264    10.187     0.951     9.236    21.193     0.763    20.429     0.004
  0.650   419.763   393.796    25.967    -4.262    10.262     0.958     9.304    21.419     0.775    20.644     0.004
  0.700   419.689   393.673    26.016    -4.260    10.337     0.965     9.373    21.645     0.786    20.859     0.004
  0.750   419.612   393.549    26.063    -4.259    10.413     0.972     9.441    21.871     0.798    21.073     0.004
  0.800   419.534   393.426    26.108    -4.257    10.488     0.979     9.509    22.097     0.809    21.287     0.004
  0.850   419.454   393.302    26.152    -4.255    10.563     0.986     9.577    22.322     0.821    21.501     0.004
  0.900   419.372   393.179    26.193    -4.253    10.638     0.993     9.645    22.547     0.833    21.714     0.004
  0.950   419.289   393.056    26.233    -4.251    10.713     1.001     9.713    22.772     0.845    21.927     0.004
  1.000   419.203   392.933    26.270    -4.250    10.788     1.008     9.780    22.996     0.857    22.140     0.005
  1.050   419.116   392.810    26.306    -4.248    10.863     1.015     9.848    23.220     0.869    22.352     0.005
  1.100   419.027   392.687    26.340    -4.246    10.938     1.022     9.916    23.444     0.881    22.563     0.005
  1.150   418.936   392.564    26.372    -4.244    11.013     1.029     9.984    23.667     0.893    22.774     0.005
  1.200   418.844   392.441    26.403    -4.242    11.088     1.036    10.052    23.890     0.905    22.985     0.005
  1.250   418.750   392.318    26.431    -4.240    11.163     1.043    10.120    24.112     0.918    23.195     0.005
  1.300   418.654   392.196    26.458    -4.239    11.238     1.051    10.188    24.334     0.930    23.404     0.005
  1.350   418.557   392.073    26.483    -4.237    11.313     1.058    10.255    24.556     0.943    23.613     0.005
  1.400   418.457   391.951    26.507    -4.235    11.388     1.065    10.323    24.777     0.955    23.822     0.005
  1.450   418.357   391.828    26.528    -4.233    11.463     1.072    10.391    24.998     0.968    24.030     0.005
  1.500   418.254   391.706    26.548    -4.231    11.538     1.079    10.459    25.218     0.981    24.237     0.005
  1.550   418.150   391.584    26.566    -4.230    11.613     1.086    10.526    25.437     0.994    24.444     0.005
  1.600   418.044   391.462    26.583    -4.228    11.687     1.093    10.594    25.656     1.007    24.650     0.005
  1.650   417.937   391.340    26.597    -4.226    11.762     1.101    10.662    25.875     1.020    24.855     0.005
  1.700   417.828   391.218    26.611    -4.224    11.837     1.108    10.729    26.093     1.033    25.060     0.005
  1.750   417.718   391.096    26.622    -4.222    11.912     1.115    10.797    26.310     1.046    25.265     0.006
  1.800   417.606   390.974    26.632    -4.221    11.986     1.122    10.864    26.527     1.059    25.468     0.006
  1.850   417.493   390.852    26.640    -4.219    12.061     1.129    10.932    26.744     1.072    25.671     0.006
  1.900   417.378   390.730    26.647    -4.217    12.136     1.136    10.999    26.959     1.086    25.873     0.006
  1.950   417.261   390.609    26.652    -4.215    12.210     1.144    11.067    27.174     1.099    26.075     0.006
  2.000   417.143   390.487    26.656    -4.213    12.285     1.151    11.134    27.389     1.113    26.276     0.006
  2.050   417.024   390.366    26.658    -4.212    12.360     1.158    11.202    27.603     1.127    26.476     0.006
  2.100   416.903   390.244    26.659    -4.210    12.434     1.165    11.269    27.816     1.140    26.676     0.006
  2.150   416.781   390.123    26.658    -4.208    12.509     1.172    11.337    28.029     1.154    26.874     0.006
  2.200   416.657   390.002    26.655    -4.206    12.583     1.179    11.404    28.241     1.168    27.073     0.006
  2.250   416.532   389.881    26.651    -4.204    12.658     1.186    11.471    28.452     1.182    27.270     0.006
  2.300   416.406   389.760    26.646    -4.203    12.732     1.194    11.539    28.662     1.196    27.466     0.006
  2.350   416.278   389.639    26.639    -4.201    12.807     1.201    11.606    28.872     1.210    27.662     0.006
  2.400   416.149   389.518    26.631    -4.199    12.881     1.208    11.673    29.082     1.224    27.857     0.007
  2.450   416.018   389.397    26.621    -4.197    12.955     1.215    11.740    29.290     1.239    28.051     0.007
  2.500   415.886   389.276    26.610    -4.195    13.030     1.222    11.808    29.498     1.253    28.245     0.007
  2.550   415.753   389.155    26.598    -4.194    13.104     1.229    11.875    29.705     1.268    28.438     0.007
  2.600   415.619   389.035    26.584    -4.192    13.178     1.237    11.942    29.912     1.282    28.630     0.007
  2.650   415.483   388.914    26.569    -4.190    13.253     1.244    12.009    30.117     1.297    28.821     0.007
  2.700   415.346   388.794    26.553    -4.188    13.327     1.251    12.076    30.322     1.311    29.011     0.007
  2.750   415.208   388.673    26.535    -4.186    13.401     1.258    12.143    30.527     1.326    29.200     0.007
  2.800   415.069   388.553    26.516    -4.185    13.475     1.265    12.210    30.730     1.341    29.389     0.007
  2.850   414.928   388.433    26.495    -4.183    13.550     1.272    12.277    30.933     1.356    29.577     0.007
  2.900   414.786   388.313    26.474    -4.181    13.624     1.279    12.344    31.135     1.371    29.764     0.007
  2.950   414.644   388.193    26.451    -4.179    13.698     1.287    12.411    31.336     1.386    29.950     0.007
  3.000   414.499   388.073    26.427    -4.177    13.772     1.294    12.478    31.536     1.401    30.135     0.007
