0.000532508 -1.13085 -0.515231 1.4588 -0.991346
0.00280558 -1.12753 -0.517482 1.46242 -0.989691
0.00689428 -1.12154 -0.521523 1.4689 -0.986695
0.0127983 -1.11284 -0.527335 1.47821 -0.982328
0.0205159 -1.10139 -0.534894 1.49026 -0.976546
0.0300449 -1.08711 -0.544165 1.50497 -0.969294
0.0413823 -1.06995 -0.555105 1.52177 -0.960519
0.0545247 -1.04986 -0.567662 1.53628 -0.950405
0.0694681 -1.02679 -0.581778 1.55069 -0.938775
0.086208 -1.00071 -0.59738 1.56523 -0.925085
0.104739 -0.971561 -0.614372 1.58036 -0.908615
0.125057 -0.93929 -0.632634 1.59628 -0.88872
0.147153 -0.903832 -0.652012 1.61293 -0.864837
0.171023 -0.865125 -0.672322 1.63014 -0.836403
0.196659 -0.823108 -0.69334 1.6477 -0.802838
0.224052 -0.777727 -0.714803 1.66534 -0.76355
0.253195 -0.728937 -0.7364 1.68274 -0.717956
0.284079 -0.676704 -0.757774 1.69946 -0.665513
0.316695 -0.621016 -0.778517 1.71498 -0.605742
0.351032 -0.561885 -0.798171 1.72867 -0.538264
0.387081 -0.499359 -0.816229 1.73975 -0.462834
0.424829 -0.433529 -0.832138 1.74735 -0.379371
0.464267 -0.364539 -0.84531 1.7505 -0.287988
0.505381 -0.292596 -0.855127 1.74815 -0.189005
0.54816 -0.217979 -0.860954 1.73919 -0.0829606
0.59259 -0.141049 -0.86215 1.72252 0.0293886
0.638659 -0.0622493 -0.858088 1.69704 0.147077
0.686351 0.0178805 -0.848165 1.6617 0.268943
0.735653 0.0987084 -0.831824 1.61555 0.393641
0.78655 0.179506 -0.808567 1.55771 0.519658
0.839026 0.259453 -0.777978 1.48748 0.645328
0.893066 0.337636 -0.739738 1.40429 0.768842
0.948652 0.413063 -0.693643 1.30779 0.888265
1.00577 0.484671 -0.639624 1.19787 1.00156
1.0644 0.551339 -0.577765 1.07468 1.10661
1.12452 0.611911 -0.508316 0.938688 1.20125
1.18612 0.665218 -0.431709 0.790676 1.28332
1.24918 0.710103 -0.348567 0.631797 1.35072
1.31368 0.745453 -0.259711 0.463567 1.40143
1.3796 0.770234 -0.16616 0.287871 1.43361
1.44692 0.783525 -0.0691286 0.106951 1.44565
1.51562 0.784554 0.0299854 -0.0766126 1.43623
1.58567 0.772734 0.129616 -0.259942 1.40439
1.65707 0.747702 0.228054 -0.43991 1.34957
1.72978 0.709347 0.32348 -0.613204 1.27171
1.80378 0.65784 0.413997 -0.776401 1.17124
1.87905 0.593654 0.497684 -0.926054 1.04914
1.95557 0.51758 0.572635 -1.05879 0.906998
2.03332 0.430733 0.63702 -1.17141 0.746936
2.11227 0.334546 0.689144 -1.261 0.571663
2.19239 0.230757 0.727497 -1.32504 0.38441
2.27367 0.121381 0.750819 -1.36149 0.188883
2.35608 0.00867415 0.758152 -1.36891 -0.0108172
2.43959 -0.104919 0.748884 -1.34654 -0.210287
2.52418 -0.21682 0.722795 -1.29435 -0.404943
2.60983 -0.324389 0.680083 -1.21309 -0.590148
2.6965 -0.424997 0.621384 -1.10434 -0.76136
2.78417 -0.51611 0.54777 -0.97045 -0.91428
2.87282 -0.595362 0.460741 -0.814525 -1.045
2.96241 -0.660642 0.362197 -0.640361 -1.15015
3.05292 -0.710166 0.254387 -0.452327 -1.22702
3.14433 -0.742539 0.139858 -0.255238 -1.2737
3.2366 -0.756811 0.0213778 -0.0542031 -1.28912
3.32971 -0.752515 -0.0981445 0.145552 -1.2731
3.42362 -0.729685 -0.21575 0.338862 -1.22643
3.51832 -0.688861 -0.328521 0.520805 -1.15074
3.61377 -0.631072 -0.433672 0.686875 -1.04852
3.70994 -0.557799 -0.528638 0.833137 -0.922974
3.80681 -0.470925 -0.611149 0.956348 -0.77791
3.90433 -0.372668 -0.679297 1.05406 -0.617568
4.0025 -0.265502 -0.731582 1.12465 -0.446464
4.10127 -0.152079 -0.766949 1.16736 -0.269214
4.20061 -0.0351389 -0.784797 1.18226 -0.0903705
4.3005 0.0825729 -0.784981 1.17018 0.085731
4.40091 0.198382 -0.767791 1.1326 0.255097
4.5018 0.309757 -0.733924 1.07159 0.41418
4.60314 0.414363 -0.684434 0.989605 0.559941
4.70491 0.510114 -0.620691 0.889453 0.689892
4.80707 0.5952 -0.54432 0.774105 0.802104
4.90959 0.668113 -0.457146 0.646625 0.895191
5.01244 0.727657 -0.361141 0.510068 0.968276
5.11559 0.77295 -0.258371 0.367418 1.02094
5.219 0.803417 -0.150945 0.221532 1.05318
5.32266 0.818781 -0.0409774 0.07511 1.06533
5.42652 0.819052 0.069453 -0.069332 1.05804
5.53055 0.804501 0.178336 -0.209471 1.0322
5.63472 0.775648 0.283757 -0.343186 0.988929
5.73901 0.73324 0.383924 -0.468559 0.929509
5.84337 0.678227 0.477185 -0.583877 0.855392
5.94779 0.611739 0.562051 -0.687635 0.768157
6.05221 0.535068 0.637208 -0.778539 0.669498
6.15663 0.449635 0.701534 -0.855511 0.561204
6.26099 0.356974 0.754108 -0.917689 0.44514
6.36528 0.258699 0.794216 -0.964437 0.323227
6.46945 0.15648 0.821362 -0.995347 0.197421
6.57348 0.0520183 0.835266 -1.01024 0.0696929
6.67734 -0.0529859 0.835866 -1.00917 -0.058002
6.781 -0.156855 0.823315 -0.99241 -0.183745
6.88441 -0.257965 0.797969 -0.960471 -0.30568
6.98756 -0.354765 0.760385 -0.914066 -0.422043
7.09041 -0.445807 0.711299 -0.854111 -0.531184
7.19293 -0.529763 0.651617 -0.781708 -0.631591
7.29509 -0.605443 0.582393 -0.698122 -0.721914
7.39686 -0.671818 0.504806 -0.604759 -0.800981
7.4982 -0.728023 0.420141 -0.503144 -0.867813
7.59909 -0.773378 0.329763 -0.394891 -0.921638
7.6995 -0.807382 0.235092 -0.281678 -0.961897
7.79939 -0.829727 0.137576 -0.165213 -0.98825
7.89873 -0.84029 0.0386709 -0.047212 -1.00057
7.9975 -0.839131 -0.0601893 0.0706351 -0.998953
8.09567 -0.826486 -0.157612 0.186688 -0.983684
8.19319 -0.802755 -0.252271 0.299381 -0.955252
8.29006 -0.768493 -0.342919 0.407249 -0.914321
8.38623 -0.724388 -0.428414 0.508944 -0.861716
8.48168 -0.671252 -0.507728 0.603252 -0.798401
8.57638 -0.609995 -0.579956 0.689111 -0.725461
8.67029 -0.541612 -0.644334 0.765617 -0.644078
8.7634 -0.467159 -0.700236 0.832035 -0.555504
8.85567 -0.387734 -0.747182 0.887798 -0.461045
8.94708 -0.304459 -0.784836 0.932513 -0.36203
9.03759 -0.218458 -0.813004 0.965953 -0.259795
9.12718 -0.130843 -0.831633 0.988056 -0.155657
9.21583 -0.0426936 -0.840796 0.998914 -0.0508975
9.3035 0.0449552 -0.840692 0.998764 0.0532556
9.39017 0.131127 -0.831632 0.987975 0.155644
9.47582 0.214917 -0.814023 0.967034 0.255195
9.56041 0.295496 -0.788366 0.936535 0.350926
9.64392 0.372127 -0.755231 0.897156 0.44196
9.72633 0.44416 -0.715252 0.84965 0.527528
9.80761 0.511043 -0.66911 0.794827 0.606975
9.88773 0.572321 -0.61752 0.733537 0.679761
9.96668 0.627632 -0.56122 0.666652 0.745459
10.0444 0.676714 -0.500954 0.595061 0.803756
10.1209 0.719393 -0.437466 0.519645 0.854446
10.1962 0.755583 -0.371487 0.441273 0.897427
10.2702 0.785279 -0.303727 0.360786 0.932695
10.3429 0.808552 -0.234864 0.278992 0.960334
10.4143 0.825541 -0.165541 0.196652 0.980509
10.4844 0.836446 -0.0963575 0.114479 0.993457
10.5531 0.841519 -0.0278647 0.033127 0.999479
10.6204 0.841058 0.0394357 -0.0468075 0.998929
10.6863 0.835399 0.105096 -0.124793 0.992205
10.7508 0.824908 0.168721 -0.200361 0.979742
10.8139 0.809973 0.229973 -0.273109 0.962001
10.8755 0.790997 0.288565 -0.342699 0.939461
10.9356 0.768394 0.344267 -0.408855 0.912614
10.9942 0.74258 0.396895 -0.471361 0.881953
11.0513 0.71397 0.446318 -0.530059 0.847972
11.1069 0.682972 0.492447 -0.584846 0.811155
11.161 0.649983 0.535238 -0.635666 0.771973
11.2134 0.615385 0.574682 -0.682513 0.730881
11.2643 0.579545 0.610809 -0.72542 0.688312
11.3136 0.542807 0.643679 -0.764458 0.644679
11.3613 0.505497 0.673376 -0.799728 0.600367
11.4074 0.467917 0.700013 -0.831363 0.555733
11.4518 0.430345 0.723718 -0.859517 0.511109
11.4946 0.393036 0.74464 -0.884365 0.466798
11.5357 0.356222 0.762937 -0.906095 0.423075
11.5752 0.32011 0.778779 -0.92491 0.380186
11.6129 0.284886 0.792343 -0.94102 0.338351
11.649 0.250713 0.80381 -0.954639 0.297765
11.6833 0.217734 0.813363 -0.965985 0.258597
11.7159 0.186073 0.821185 -0.975275 0.220993
11.7468 0.155834 0.827457 -0.982723 0.18508
11.7759 0.127107 0.832354 -0.988539 0.150961
11.8033 0.0999645 0.836048 -0.992927 0.118726
11.829 0.0744679 0.838704 -0.996081 0.0884441
11.8528 0.0506649 0.840478 -0.998187 0.0601742
11.8749 0.0285932 0.841518 -0.999423 0.0339605
11.8953 0.00828143 0.841963 -0.999951 0.00983693
11.9138 -0.0102495 0.841941 -0.999926 -0.0121716
11.9305 -0.0269851 0.841571 -0.999486 -0.0320477
11.9455 -0.0419158 0.840959 -0.99876 -0.0497803
11.9586 -0.0550363 0.840203 -0.997861 -0.0653629
11.97 -0.0663441 0.839386 -0.996891 -0.0787927
11.9795 -0.0758389 0.838581 -0.995935 -0.0900694
11.9872 -0.0835219 0.837851 -0.995068 -0.0991941
11.9931 -0.0893947 0.837244 -0.994348 -0.106169
11.9972 -0.0934592 0.8368 -0.993821 -0.110996
11.9995 -0.0957179 0.836545 -0.993518 -0.113679
