 40      20      39      100     1
 2.2    0.80    0.0     1000.0  
 20.0    -300.0  350.0   500.0  1.0   0.85                                  
 1       1      1       1       1       1      1       -1      -1
 0       1       1       0       0       2      1       1       1
 1       1       1       2       1.5     8.328  1.
 1.30    0.65    4.646   0.65    25.     1.3    0.85
 26.973  1.237   0.706   7.177   1.42    0.57  0.00     1.41    0.570
 4.379   1.03   0.648    -1.066  1.007   0.620  0.000   0.
 460   351.7  100.     64.31  -46.99
    1 CA40 (e,e'P) d3/2 par
