0.04 -1.07206 -0.553777 1.52013 -0.961586
0.08 -1.01007 -0.591601 1.57887 -0.929269
0.12 -0.945795 -0.62809 1.63406 -0.894855
0.16 -0.87939 -0.663162 1.68556 -0.858422
0.2 -0.811001 -0.696738 1.73325 -0.820052
0.24 -0.740782 -0.728742 1.77703 -0.779832
0.28 -0.668892 -0.759101 1.81681 -0.737852
0.32 -0.595492 -0.787748 1.85248 -0.694207
0.36 -0.520749 -0.814617 1.88398 -0.648996
0.4 -0.44483 -0.839648 1.91122 -0.60232
0.44 -0.367908 -0.862784 1.93415 -0.554286
0.48 -0.290156 -0.883974 1.95272 -0.505001
0.52 -0.211749 -0.903169 1.96688 -0.454576
0.56 -0.132865 -0.920326 1.97661 -0.403125
0.6 -0.0536801 -0.935407 1.98187 -0.350765
0.64 0.0256254 -0.948377 1.98266 -0.297614
0.68 0.104873 -0.959207 1.97898 -0.243791
0.72 0.183884 -0.967873 1.97083 -0.189418
0.76 0.26248 -0.974355 1.95824 -0.134618
0.8 0.340484 -0.978638 1.94123 -0.0795133
0.84 0.41772 -0.980714 1.91983 -0.0242297
0.88 0.494013 -0.980576 1.89411 0.0311086
0.92 0.569192 -0.978226 1.86411 0.0863767
0.96 0.643086 -0.973668 1.8299 0.14145
1 0.715529 -0.966914 1.79157 0.196204
1.04 0.786358 -0.957978 1.74919 0.250515
1.08 0.855412 -0.94688 1.70287 0.304261
1.12 0.922536 -0.933646 1.65271 0.357321
1.16 0.987579 -0.918305 1.59881 0.409574
1.2 1.05039 -0.900893 1.54131 0.460903
1.24 1.11084 -0.881447 1.48033 0.511192
1.28 1.16877 -0.860013 1.41601 0.560328
1.32 1.22408 -0.836638 1.3485 0.6082
1.36 1.27661 -0.811375 1.27794 0.654699
1.4 1.32627 -0.784281 1.2045 0.699721
1.44 1.37294 -0.755418 1.12834 0.743164
1.48 1.41651 -0.724851 1.04963 0.78493
1.52 1.45688 -0.692648 0.96856 0.824925
1.56 1.49396 -0.658882 0.885301 0.863059
1.6 1.52767 -0.623629 0.800045 0.899245
1.64 1.55794 -0.586969 0.712984 0.933402
1.68 1.58469 -0.548985 0.624314 0.965454
1.72 1.60787 -0.509762 0.534235 0.995326
1.76 1.62741 -0.469389 0.44295 1.02295
1.8 1.64329 -0.427956 0.350667 1.04827
1.84 1.65546 -0.385558 0.257592 1.07123
1.88 1.66389 -0.34229 0.163936 1.09176
1.92 1.66857 -0.29825 0.0699095 1.10984
1.96 1.66948 -0.253537 -0.0242743 1.1254
2 1.66663 -0.208252 -0.118403 1.13843
2.04 1.66001 -0.162497 -0.212265 1.14889
2.08 1.64965 -0.116375 -0.305648 1.15676
2.12 1.63557 -0.0699904 -0.398342 1.16202
2.16 1.6178 -0.0234481 -0.490136 1.16466
2.2 1.59637 0.0231471 -0.580825 1.16467
2.24 1.57135 0.0696901 -0.670203 1.16205
2.28 1.54278 0.116076 -0.758068 1.15681
2.32 1.51072 0.1622 -0.844224 1.14895
2.36 1.47526 0.207958 -0.928474 1.13851
2.4 1.43647 0.253246 -1.01063 1.1255
2.44 1.39444 0.297963 -1.0905 1.10994
2.48 1.34927 0.342008 -1.16792 1.09189
2.52 1.30105 0.385282 -1.2427 1.07137
2.56 1.24989 0.427685 -1.31467 1.04843
2.6 1.19591 0.469124 -1.38368 1.02312
2.64 1.13924 0.509505 -1.44957 0.995512
2.68 1.07999 0.548735 -1.51219 0.965654
2.72 1.01831 0.586728 -1.57139 0.933616
2.76 0.954325 0.623396 -1.62705 0.899472
2.8 0.888191 0.658658 -1.67903 0.863299
2.84 0.820053 0.692434 -1.72723 0.825177
2.88 0.750064 0.724648 -1.77153 0.785194
2.92 0.678383 0.755226 -1.81184 0.743439
2.96 0.605172 0.784101 -1.84805 0.700006
3 0.530595 0.811206 -1.8801 0.654994
3.04 0.45482 0.83648 -1.9079 0.608505
3.08 0.37802 0.859868 -1.9314 0.560642
3.12 0.300366 0.881315 -1.95054 0.511514
3.16 0.222035 0.900773 -1.96528 0.461232
3.2 0.143203 0.9182 -1.97559 0.409909
3.24 0.0640474 0.933554 -1.98144 0.357661
3.28 -0.0152525 0.946802 -1.98281 0.304606
3.32 -0.094518 0.957913 -1.97972 0.250864
3.36 -0.17357 0.966863 -1.97215 0.196556
3.4 -0.252231 0.973632 -1.96014 0.141805
3.44 -0.330322 0.978203 -1.9437 0.0867333
3.48 -0.407668 0.980568 -1.92288 0.031466
3.52 -0.484095 0.98072 -1.89772 -0.0238722
3.56 -0.559429 0.978659 -1.86827 -0.0791566
3.6 -0.6335 0.97439 -1.83461 -0.134262
3.64 -0.706142 0.967922 -1.79682 -0.189065
3.68 -0.777191 0.95927 -1.75496 -0.243441
3.72 -0.846487 0.948454 -1.70915 -0.297268
3.76 -0.913872 0.935498 -1.65948 -0.350424
3.8 -0.979195 0.92043 -1.60607 -0.40279
3.84 -1.04231 0.903286 -1.54903 -0.454247
3.88 -1.10307 0.884104 -1.4885 -0.504678
3.92 -1.16134 0.862927 -1.42461 -0.553971
3.96 -1.217 0.839803 -1.3575 -0.602014
4 -1.2699 0.814784 -1.28733 -0.648699
4.04 -1.31994 0.787927 -1.21426 -0.69392
4.08 -1.36701 0.759292 -1.13845 -0.737575
4.12 -1.41099 0.728943 -1.06007 -0.779566
4.16 -1.45178 0.69695 -0.979292 -0.819798
4.2 -1.4893 0.663384 -0.896308 -0.85818
4.24 -1.52346 0.628321 -0.811303 -0.894626
4.28 -1.55418 0.591841 -0.724466 -0.929053
4.32 -1.58139 0.554025 -0.635995 -0.961384
4.36 -1.60504 0.514959 -0.546089 -0.991546
4.4 -1.62507 0.474731 -0.454951 -1.01947
4.44 -1.64142 0.433432 -0.362786 -1.04509
4.48 -1.65408 0.391155 -0.269803 -1.06836
4.52 -1.663 0.347995 -0.17621 -1.08922
4.56 -1.66817 0.304051 -0.0822207 -1.10761
4.6 -1.66957 0.25942 0.0119546 -1.12351
4.64 -1.66721 0.214204 0.106103 -1.13687
4.68 -1.66109 0.168504 0.200012 -1.14767
4.72 -1.65122 0.122424 0.293469 -1.15588
4.76 -1.63762 0.0760683 0.386265 -1.16148
4.8 -1.62033 0.0295406 0.478189 -1.16446
4.84 -1.59938 -0.0170536 0.569034 -1.16481
4.88 -1.57482 -0.0636095 0.658595 -1.16254
4.92 -1.54671 -0.110022 0.746669 -1.15764
4.96 -1.51511 -0.156186 0.83306 -1.15013
5 -1.48009 -0.201997 0.91757 -1.14002
5.04 -1.44173 -0.247353 1.00001 -1.12734
5.08 -1.40012 -0.292151 1.08019 -1.11212
5.12 -1.35535 -0.336289 1.15794 -1.09439
5.16 -1.30752 -0.379669 1.23307 -1.07419
5.2 -1.25674 -0.422192 1.30543 -1.05156
5.24 -1.20313 -0.463763 1.37483 -1.02657
5.28 -1.1468 -0.504287 1.44113 -0.999253
5.32 -1.08788 -0.543673 1.50419 -0.969684
5.36 -1.02651 -0.581832 1.56384 -0.937928
5.4 -0.962819 -0.618679 1.61997 -0.904055
5.44 -0.896958 -0.654129 1.67245 -0.868142
5.48 -0.829073 -0.688104 1.72115 -0.830271
5.52 -0.759318 -0.720526 1.76597 -0.790526
5.56 -0.687849 -0.751322 1.8068 -0.748997
5.6 -0.614828 -0.780423 1.84355 -0.705779
5.64 -0.54042 -0.807763 1.87615 -0.660968
5.68 -0.464793 -0.833281 1.90451 -0.614665
5.72 -0.388117 -0.856918 1.92858 -0.566976
5.76 -0.310565 -0.878622 1.94829 -0.518007
5.8 -0.232312 -0.898343 1.96361 -0.46787
5.84 -0.153535 -0.916037 1.97449 -0.416676
5.88 -0.0744122 -0.931665 1.98093 -0.364543
5.92 0.00487899 -0.94519 1.98289 -0.311587
5.96 0.0841591 -0.956582 1.98037 -0.257928
6 0.163249 -0.965816 1.97339 -0.203687
6.04 0.241971 -0.972871 1.96196 -0.148987
6.08 0.320147 -0.977731 1.9461 -0.0939499
6.12 0.397601 -0.980384 1.92585 -0.0387011
6.16 0.474157 -0.980826 1.90125 0.0166349
6.2 0.549644 -0.979054 1.87237 0.0719334
6.24 0.62389 -0.975073 1.83925 0.12707
6.28 0.696729 -0.968892 1.80199 0.181919
6.32 0.767995 -0.960525 1.76066 0.236358
6.36 0.837529 -0.949991 1.71536 0.290264
6.4 0.905173 -0.937313 1.66619 0.343515
6.44 0.970774 -0.92252 1.61326 0.39599
6.48 1.03419 -0.905645 1.55669 0.447572
6.52 1.09526 -0.886728 1.49661 0.498145
6.56 1.15387 -0.865809 1.43315 0.547593
6.6 1.20987 -0.842937 1.36646 0.595806
6.64 1.26314 -0.818162 1.29668 0.642674
6.68 1.31357 -0.791542 1.22398 0.688092
6.72 1.36103 -0.763136 1.14851 0.731958
6.76 1.40541 -0.733007 1.07046 0.774172
6.8 1.44663 -0.701225 0.989986 0.814639
6.84 1.48458 -0.667861 0.907281 0.853268
6.88 1.51919 -0.632989 0.822529 0.889972
6.92 1.55036 -0.59669 0.735921 0.924668
6.96 1.57804 -0.559044 0.647652 0.957277
7 1.60215 -0.520136 0.557922 0.987726
7.04 1.62265 -0.480055 0.466934 1.01595
7.08 1.63949 -0.438891 0.374891 1.04188
7.12 1.65263 -0.396737 0.282003 1.06545
7.16 1.66205 -0.353687 0.188479 1.08663
7.2 1.66771 -0.309839 0.0945287 1.10535
7.24 1.6696 -0.265293 0.000365629 1.12158
7.28 1.66774 -0.220147 -0.0937983 1.13527
7.32 1.6621 -0.174505 -0.187751 1.14641
7.36 1.65272 -0.128469 -0.281279 1.15496
7.4 1.63961 -0.0821432 -0.374173 1.1609
7.44 1.6228 -0.035632 -0.466223 1.16422
7.48 1.60233 0.0109595 -0.557221 1.16492
7.52 1.57824 0.0575263 -0.646961 1.16299
7.56 1.55059 0.103963 -0.735242 1.15843
7.6 1.51944 0.150166 -0.821863 1.15126
7.64 1.48486 0.196029 -0.906631 1.14149
7.68 1.44694 0.241451 -0.989352 1.12915
7.72 1.40575 0.286327 -1.06984 1.11426
7.76 1.36138 0.330558 -1.14792 1.09685
7.8 1.31395 0.374042 -1.2234 1.07697
7.84 1.26355 0.416683 -1.29613 1.05466
7.88 1.2103 0.458383 -1.36593 1.02997
7.92 1.15431 0.499049 -1.43264 1.00295
7.96 1.09573 0.538589 -1.49613 0.973677
8 1.03467 0.576914 -1.55624 0.942203
8.04 0.971275 0.613937 -1.61284 0.908603
8.08 0.90569 0.649575 -1.6658 0.872953
8.12 0.838061 0.683747 -1.715 0.835333
8.16 0.768542 0.716376 -1.76033 0.795828
8.2 0.697288 0.747389 -1.80169 0.754527
8.24 0.624461 0.776716 -1.83898 0.711524
8.28 0.550225 0.80429 -1.87212 0.666916
8.32 0.474748 0.830049 -1.90104 0.620802
8.36 0.398199 0.853935 -1.92567 0.573288
8.4 0.320751 0.875895 -1.94596 0.524481
8.44 0.24258 0.895878 -1.96185 0.47449
8.48 0.163862 0.91384 -1.97332 0.423428
8.52 0.0847741 0.92974 -1.98034 0.371411
8.56 0.00549471 0.943542 -1.98288 0.318556
8.6 -0.073797 0.955214 -1.98096 0.264982
8.64 -0.152922 0.964732 -1.97456 0.21081
8.68 -0.231702 0.972073 -1.96371 0.156163
8.72 -0.30996 0.97722 -1.94843 0.101163
8.76 -0.387518 0.980163 -1.92875 0.0459348
8.8 -0.464201 0.980894 -1.90471 -0.00939696
8.84 -0.539838 0.979411 -1.87638 -0.0647075
8.88 -0.614256 0.975719 -1.84382 -0.119872
8.92 -0.687288 0.969825 -1.8071 -0.174766
8.96 -0.758769 0.961743 -1.7663 -0.229266
9 -0.828539 0.951491 -1.72151 -0.283248
9.04 -0.896438 0.939092 -1.67284 -0.336591
9.08 -0.962316 0.924574 -1.6204 -0.389175
9.12 -1.02602 0.90797 -1.56429 -0.440881
9.16 -1.08741 0.889317 -1.50466 -0.491592
9.2 -1.14635 0.868657 -1.44164 -0.541193
9.24 -1.2027 0.846037 -1.37536 -0.589574
9.28 -1.25634 0.821509 -1.30598 -0.636624
9.32 -1.30714 0.795127 -1.23365 -0.682238
9.36 -1.35499 0.76695 -1.15853 -0.726312
9.4 -1.39979 0.737043 -1.08081 -0.768748
9.44 -1.44142 0.705474 -1.00064 -0.809449
9.48 -1.47981 0.672312 -0.918218 -0.848324
9.52 -1.51485 0.637633 -0.833723 -0.885284
9.56 -1.54648 0.601516 -0.747347 -0.920247
9.6 -1.57462 0.564041 -0.659284 -0.953133
9.64 -1.5992 0.525294 -0.569734 -0.983869
9.68 -1.62018 0.485361 -0.478898 -1.01239
9.72 -1.6375 0.444333 -0.386982 -1.03862
9.76 -1.65113 0.402303 -0.294193 -1.0625
9.8 -1.66103 0.359365 -0.200739 -1.084
9.84 -1.66718 0.315616 -0.106833 -1.10304
9.88 -1.66957 0.271155 -0.0126858 -1.1196
9.92 -1.66819 0.226082 0.0814901 -1.13363
9.96 -1.66305 0.180499 0.175482 -1.1451
10 -1.65416 0.134509 0.269078 -1.15399
10.04 -1.64154 0.0882149 0.362067 -1.16027
10.08 -1.62521 0.0417221 0.454239 -1.16394
10.12 -1.60521 -0.00486495 0.545386 -1.16498
10.16 -1.58159 -0.051441 0.635303 -1.16339
10.2 -1.55441 -0.0979009 0.723785 -1.15917
10.24 -1.52371 -0.14414 0.810635 -1.15234
10.28 -1.48958 -0.190054 0.895656 -1.14291
10.32 -1.45209 -0.235539 0.978656 -1.13091
10.36 -1.41132 -0.280492 1.05945 -1.11635
10.4 -1.36736 -0.324813 1.13785 -1.09927
10.44 -1.32032 -0.368401 1.21368 -1.07971
10.48 -1.2703 -0.411157 1.28678 -1.05771
10.52 -1.21742 -0.452986 1.35697 -1.03333
10.56 -1.16179 -0.493793 1.4241 -1.00662
10.6 -1.10353 -0.533485 1.48802 -0.977633
10.64 -1.04279 -0.571974 1.54857 -0.946442
10.68 -0.979694 -0.609172 1.60564 -0.913116
10.72 -0.914387 -0.644996 1.65908 -0.877729
10.76 -0.847017 -0.679364 1.70878 -0.840362
10.8 -0.777736 -0.712199 1.75462 -0.801099
10.84 -0.7067 -0.743428 1.79651 -0.760028
10.88 -0.63407 -0.772979 1.83434 -0.717242
10.92 -0.560009 -0.800785 1.86803 -0.672838
10.96 -0.484684 -0.826785 1.8975 -0.626915
11 -0.408265 -0.85092 1.9227 -0.579578
11.04 -0.330926 -0.873134 1.94356 -0.530934
11.08 -0.252839 -0.893378 1.96003 -0.481091
11.12 -0.174183 -0.911607 1.97208 -0.430163
11.16 -0.0951327 -0.927779 1.97967 -0.378264
11.2 -0.0158682 -0.941857 1.98281 -0.325512
11.24 0.0634321 -0.95381 1.98146 -0.272025
11.28 0.142589 -0.963611 1.97565 -0.217925
11.32 0.221425 -0.971237 1.96538 -0.163333
11.36 0.299761 -0.976672 1.95067 -0.108372
11.4 0.37742 -0.979904 1.93157 -0.0531666
11.44 0.454228 -0.980924 1.9081 0.00215864
11.48 0.530011 -0.979731 1.88033 0.057479
11.52 0.604598 -0.976327 1.84832 0.11267
11.56 0.677821 -0.970721 1.81214 0.167606
11.6 0.749514 -0.962924 1.77186 0.222164
11.64 0.819516 -0.952954 1.72759 0.276221
11.68 0.88767 -0.940835 1.67942 0.329655
11.72 0.95382 -0.926592 1.62747 0.382345
11.76 1.01782 -0.910258 1.57183 0.434172
11.8 1.07952 -0.891871 1.51266 0.48502
11.84 1.13878 -0.871471 1.45007 0.534773
11.88 1.19548 -0.849105 1.38421 0.58332
11.92 1.24948 -0.824823 1.31522 0.63055
11.96 1.30066 -0.79868 1.24327 0.676358
12 1.3489 -0.770735 1.16851 0.720639
