0.04 0.841053 0.039985 -0.0474879 0.998872
0.08 0.838206 0.0798797 -0.0948686 0.99549
0.12 0.833467 0.119594 -0.142035 0.989862
0.16 0.826847 0.159039 -0.188881 0.982
0.2 0.818362 0.198125 -0.235301 0.971922
0.24 0.80803 0.236763 -0.281191 0.959652
0.28 0.795875 0.274868 -0.326445 0.945216
0.32 0.781924 0.312352 -0.370963 0.928648
0.36 0.766209 0.349132 -0.414644 0.909984
0.4 0.748765 0.385124 -0.45739 0.889266
0.44 0.729632 0.420246 -0.499103 0.866543
0.48 0.708852 0.454421 -0.53969 0.841864
0.52 0.686473 0.48757 -0.57906 0.815285
0.56 0.662545 0.519619 -0.617122 0.786867
0.6 0.637122 0.550496 -0.653793 0.756674
0.64 0.610261 0.58013 -0.688988 0.724773
0.68 0.582023 0.608456 -0.722629 0.691236
0.72 0.552472 0.635408 -0.754639 0.65614
0.76 0.521675 0.660927 -0.784946 0.619564
0.8 0.4897 0.684955 -0.813482 0.58159
0.84 0.456621 0.707437 -0.840183 0.542303
0.88 0.422511 0.728323 -0.864988 0.501793
0.92 0.387448 0.747565 -0.887841 0.46015
0.96 0.35151 0.765121 -0.908691 0.417469
1 0.31478 0.78095 -0.927491 0.373846
1.04 0.277339 0.795017 -0.944197 0.32938
1.08 0.239273 0.807291 -0.958774 0.28417
1.12 0.200666 0.817743 -0.971187 0.23832
1.16 0.161607 0.826349 -0.981408 0.191931
1.2 0.122183 0.833091 -0.989416 0.14511
1.24 0.0824833 0.837954 -0.99519 0.0979608
1.28 0.0425976 0.840925 -0.998719 0.0505908
1.32 0.0026158 0.841999 -0.999995 0.00310664
1.36 -0.0373719 0.841174 -0.999015 -0.0443845
1.4 -0.0772753 0.83845 -0.99578 -0.0917755
1.44 -0.117004 0.833834 -0.990298 -0.138959
1.48 -0.156469 0.827337 -0.982582 -0.18583
1.52 -0.195581 0.818974 -0.972649 -0.232281
1.56 -0.234252 0.808762 -0.960521 -0.278208
1.6 -0.272394 0.796725 -0.946226 -0.323507
1.64 -0.309922 0.782891 -0.929796 -0.368076
1.68 -0.34675 0.76729 -0.911267 -0.411815
1.72 -0.382796 0.749958 -0.890683 -0.454625
1.76 -0.417978 0.730934 -0.868089 -0.496408
1.8 -0.452217 0.71026 -0.843536 -0.537072
1.84 -0.485435 0.687984 -0.81708 -0.576524
1.88 -0.517558 0.664156 -0.788781 -0.614675
1.92 -0.548514 0.638829 -0.758701 -0.651439
1.96 -0.578232 0.61206 -0.72691 -0.686733
2 -0.606645 0.583911 -0.693478 -0.720478
2.04 -0.633689 0.554444 -0.658482 -0.752597
2.08 -0.659303 0.523726 -0.622 -0.783018
2.12 -0.68343 0.491826 -0.584114 -0.811672
2.16 -0.706015 0.458816 -0.54491 -0.838494
2.2 -0.727007 0.424772 -0.504477 -0.863425
2.24 -0.746358 0.389768 -0.462906 -0.886407
2.28 -0.764025 0.353886 -0.42029 -0.90739
2.32 -0.779969 0.317204 -0.376726 -0.926325
2.36 -0.794152 0.279808 -0.332312 -0.94317
2.4 -0.806544 0.241779 -0.287148 -0.957886
2.44 -0.817115 0.203205 -0.241336 -0.970442
2.48 -0.825843 0.164173 -0.194979 -0.980807
2.52 -0.832708 0.12477 -0.148183 -0.98896
2.56 -0.837693 0.0850861 -0.101052 -0.994881
2.6 -0.840789 0.0452099 -0.0536932 -0.998557
2.64 -0.841987 0.00523157 -0.00621324 -0.999981
2.68 -0.841286 -0.0347585 0.0412807 -0.999148
2.72 -0.838686 -0.0746702 0.0886816 -0.99606
2.76 -0.834194 -0.114413 0.135882 -0.990725
2.8 -0.827819 -0.153898 0.182776 -0.983155
2.84 -0.819577 -0.193036 0.229258 -0.973366
2.88 -0.809486 -0.231738 0.275223 -0.961381
2.92 -0.797568 -0.269918 0.320566 -0.947226
2.96 -0.78385 -0.307488 0.365186 -0.930935
3 -0.768364 -0.344364 0.408982 -0.912542
3.04 -0.751144 -0.380464 0.451856 -0.892091
3.08 -0.732229 -0.415705 0.493709 -0.869627
3.12 -0.711662 -0.450008 0.534449 -0.845201
3.16 -0.689489 -0.483295 0.573983 -0.818867
3.2 -0.665761 -0.515493 0.612222 -0.790686
3.24 -0.64053 -0.546527 0.649079 -0.760721
3.28 -0.613854 -0.576327 0.684472 -0.72904
3.32 -0.585793 -0.604828 0.71832 -0.695713
3.36 -0.55641 -0.631964 0.750547 -0.660817
3.4 -0.525771 -0.657673 0.781082 -0.624429
3.44 -0.493947 -0.681899 0.809853 -0.586633
3.48 -0.461008 -0.704586 0.836797 -0.547513
3.52 -0.427028 -0.725684 0.861854 -0.507157
3.56 -0.392085 -0.745144 0.884965 -0.465657
3.6 -0.356258 -0.762922 0.90608 -0.423107
3.64 -0.319626 -0.778979 0.92515 -0.379602
3.68 -0.282273 -0.793279 0.942133 -0.33524
3.72 -0.244284 -0.805789 0.95699 -0.290122
3.76 -0.205743 -0.81648 0.969687 -0.244349
3.8 -0.166738 -0.825329 0.980197 -0.198025
3.84 -0.127357 -0.832316 0.988495 -0.151254
3.88 -0.0876881 -0.837425 0.994562 -0.104142
3.92 -0.0478217 -0.840644 0.998386 -0.0567951
3.96 -0.00784729 -0.841967 0.999957 -0.00931979
4 0.0321448 -0.84139 0.999271 0.0381765
4.04 0.0720643 -0.838914 0.996331 0.0855867
4.08 0.111821 -0.834545 0.991142 0.132804
4.12 0.151326 -0.828294 0.983718 0.179721
4.16 0.190489 -0.820173 0.974073 0.226233
4.2 0.229222 -0.810202 0.962231 0.272235
4.24 0.267439 -0.798402 0.948217 0.317622
4.28 0.305051 -0.784801 0.932065 0.362292
4.32 0.341976 -0.76943 0.913809 0.406145
4.36 0.378128 -0.752322 0.893491 0.449082
4.4 0.413428 -0.733517 0.871157 0.491005
4.44 0.447795 -0.713056 0.846857 0.531821
4.48 0.481151 -0.690987 0.820647 0.571436
4.52 0.513422 -0.667359 0.792584 0.609762
4.56 0.544534 -0.642225 0.762734 0.646712
4.6 0.574418 -0.615641 0.731162 0.682203
4.64 0.603005 -0.587669 0.697941 0.716155
4.68 0.630232 -0.55837 0.663145 0.748491
4.72 0.656037 -0.527812 0.626853 0.779138
4.76 0.680361 -0.496063 0.589146 0.808027
4.8 0.703151 -0.463194 0.55011 0.835092
4.84 0.724353 -0.42928 0.509832 0.860274
4.88 0.743922 -0.394398 0.468404 0.883514
4.92 0.761812 -0.358626 0.42592 0.904761
4.96 0.777983 -0.322045 0.382474 0.923966
5 0.792398 -0.284736 0.338165 0.941087
5.04 0.805026 -0.246786 0.293094 0.956084
5.08 0.815837 -0.208279 0.247361 0.968923
5.12 0.824807 -0.169301 0.201069 0.979577
5.16 0.831916 -0.129942 0.154325 0.98802
5.2 0.837148 -0.0902893 0.107231 0.994234
5.24 0.840492 -0.050433 0.0598964 0.998205
5.28 0.841938 -0.0104629 0.0124262 0.999923
5.32 0.841485 0.0295307 -0.035072 0.999385
5.36 0.839134 0.0694578 -0.0824911 0.996592
5.4 0.834889 0.109228 -0.129724 0.99155
5.44 0.82876 0.148752 -0.176664 0.984271
5.48 0.820761 0.18794 -0.223206 0.974771
5.52 0.81091 0.226704 -0.269244 0.963072
5.56 0.799229 0.264957 -0.314674 0.9492
5.6 0.785745 0.302612 -0.359395 0.933186
5.64 0.770489 0.339584 -0.403304 0.915066
5.68 0.753493 0.375789 -0.446304 0.894881
5.72 0.734798 0.411147 -0.488297 0.872678
5.76 0.714444 0.445577 -0.529187 0.848505
5.8 0.692479 0.479002 -0.568884 0.822418
5.84 0.668951 0.511346 -0.607297 0.794475
5.88 0.643913 0.542536 -0.64434 0.764739
5.92 0.617423 0.572502 -0.679929 0.733278
5.96 0.589539 0.601176 -0.713983 0.700163
6 0.560326 0.628494 -0.746427 0.665467
6.04 0.529848 0.654394 -0.777187 0.62927
6.08 0.498174 0.678817 -0.806193 0.591653
6.12 0.465376 0.701708 -0.833379 0.552701
6.16 0.431529 0.723016 -0.858686 0.512502
6.2 0.396707 0.742693 -0.882055 0.471147
6.24 0.360991 0.760694 -0.903433 0.428729
6.28 0.32446 0.776978 -0.922774 0.385343
6.32 0.287197 0.79151 -0.940032 0.341087
6.36 0.249286 0.804255 -0.955169 0.296062
6.4 0.210812 0.815186 -0.96815 0.25037
6.44 0.171863 0.824277 -0.978948 0.204112
6.48 0.132526 0.831509 -0.987536 0.157393
6.52 0.0928896 0.836864 -0.993896 0.11032
6.56 0.0530439 0.840331 -0.998014 0.0629972
6.6 0.0130785 0.841902 -0.999879 0.0155326
6.64 -0.0269164 0.841573 -0.999489 -0.0319671
6.68 -0.0668506 0.839345 -0.996843 -0.0793946
6.72 -0.106634 0.835224 -0.991948 -0.126643
6.76 -0.146177 0.829218 -0.984815 -0.173606
6.8 -0.185389 0.821341 -0.97546 -0.220177
6.84 -0.224184 0.81161 -0.963904 -0.266251
6.88 -0.262473 0.800049 -0.950173 -0.311724
6.92 -0.300169 0.786682 -0.934298 -0.356494
6.96 -0.337188 0.77154 -0.916314 -0.40046
7 -0.373447 0.754657 -0.896264 -0.443522
7.04 -0.408863 0.736071 -0.874191 -0.485583
7.08 -0.443356 0.715825 -0.850145 -0.526549
7.12 -0.476849 0.693963 -0.824181 -0.566326
7.16 -0.509265 0.670536 -0.796358 -0.604826
7.2 -0.540533 0.645595 -0.766737 -0.641961
7.24 -0.570581 0.619198 -0.735387 -0.677647
7.28 -0.599342 0.591404 -0.702377 -0.711805
7.32 -0.62675 0.562275 -0.667783 -0.744356
7.36 -0.652745 0.531878 -0.631681 -0.775228
7.4 -0.677266 0.50028 -0.594155 -0.804351
7.44 -0.700259 0.467554 -0.555288 -0.831658
7.48 -0.721672 0.433773 -0.515168 -0.85709
7.52 -0.741457 0.399013 -0.473885 -0.880587
7.56 -0.759569 0.363352 -0.431533 -0.902097
7.6 -0.775967 0.326872 -0.388208 -0.921572
7.64 -0.790614 0.289654 -0.344006 -0.938967
7.68 -0.803477 0.251783 -0.299028 -0.954244
7.72 -0.814527 0.213343 -0.253376 -0.967368
7.76 -0.823739 0.174423 -0.207152 -0.978309
7.8 -0.831093 0.135108 -0.16046 -0.987042
7.84 -0.836571 0.0954889 -0.113407 -0.993549
7.88 -0.840162 0.0556542 -0.0660974 -0.997813
7.92 -0.841857 0.0156939 -0.0186388 -0.999826
7.96 -0.841653 -0.0243018 0.0288619 -0.999583
8 -0.839549 -0.0642427 0.0762974 -0.997085
8.04 -0.835551 -0.104039 0.123561 -0.992337
8.08 -0.829668 -0.1436 0.170545 -0.98535
8.12 -0.821913 -0.182837 0.217145 -0.976139
8.16 -0.812303 -0.221662 0.263255 -0.964726
8.2 -0.80086 -0.259986 0.308771 -0.951136
8.24 -0.78761 -0.297724 0.35359 -0.935401
8.28 -0.772584 -0.33479 0.397611 -0.917554
8.32 -0.755813 -0.371101 0.440735 -0.897637
8.36 -0.737338 -0.406574 0.482865 -0.875695
8.4 -0.717199 -0.44113 0.523905 -0.851777
8.44 -0.695441 -0.47469 0.563763 -0.825937
8.48 -0.672115 -0.50718 0.602349 -0.798233
8.52 -0.647272 -0.538525 0.639576 -0.768728
8.56 -0.620968 -0.568655 0.67536 -0.737489
8.6 -0.593263 -0.597502 0.709619 -0.704585
8.64 -0.56422 -0.625001 0.742278 -0.670092
8.68 -0.533903 -0.651089 0.773262 -0.634087
8.72 -0.502382 -0.675708 0.802501 -0.596651
8.76 -0.469727 -0.698803 0.829929 -0.557869
8.8 -0.436013 -0.720321 0.855485 -0.517828
8.84 -0.401314 -0.740214 0.87911 -0.476618
8.88 -0.36571 -0.758436 0.900752 -0.434334
8.92 -0.329281 -0.774947 0.920361 -0.391069
8.96 -0.292109 -0.78971 0.937894 -0.346921
9 -0.254278 -0.802691 0.953311 -0.301991
9.04 -0.215873 -0.81386 0.966576 -0.25638
9.08 -0.176981 -0.823193 0.977661 -0.21019
9.12 -0.137689 -0.830669 0.986539 -0.163526
9.16 -0.0980874 -0.836271 0.993192 -0.116493
9.2 -0.058264 -0.839985 0.997603 -0.0691969
9.24 -0.0183092 -0.841804 0.999764 -0.0217448
9.28 0.021687 -0.841724 0.999668 0.0257564
9.32 0.0616342 -0.839745 0.997317 0.0731995
9.36 0.101442 -0.83587 0.992716 0.120477
9.4 0.141022 -0.83011 0.985875 0.167483
9.44 0.180283 -0.822477 0.976809 0.214112
9.48 0.219137 -0.812987 0.965539 0.260257
9.52 0.257497 -0.801664 0.952091 0.305814
9.56 0.295276 -0.788532 0.936495 0.350682
9.6 0.332388 -0.77362 0.918785 0.394759
9.64 0.368751 -0.756963 0.899002 0.437945
9.68 0.404281 -0.738598 0.877191 0.480142
9.72 0.4389 -0.718566 0.8534 0.521256
9.76 0.472528 -0.696913 0.827684 0.561194
9.8 0.505089 -0.673687 0.8001 0.599866
9.84 0.536512 -0.648941 0.770711 0.637185
9.88 0.566723 -0.622732 0.739583 0.673065
9.92 0.595656 -0.595116 0.706786 0.707427
9.96 0.623245 -0.566159 0.672395 0.740193
10 0.649427 -0.535923 0.636486 0.771288
10.04 0.674145 -0.504479 0.599141 0.800643
10.08 0.697341 -0.471896 0.560444 0.828192
10.12 0.718963 -0.438248 0.520483 0.853872
10.16 0.738964 -0.403612 0.479347 0.877625
10.2 0.757297 -0.368065 0.43713 0.899398
10.24 0.773921 -0.331687 0.393926 0.919142
10.28 0.788799 -0.294561 0.349833 0.936812
10.32 0.801897 -0.25677 0.304952 0.952368
10.36 0.813186 -0.2184 0.259382 0.965775
10.4 0.82264 -0.179537 0.213226 0.977003
10.44 0.830237 -0.140269 0.16659 0.986026
10.48 0.835962 -0.100685 0.119578 0.992825
10.52 0.8398 -0.0608733 0.0722958 0.997383
10.56 0.841743 -0.0209243 0.0248506 0.999691
10.6 0.841787 0.0190719 -0.0226507 0.999743
10.64 0.839932 0.0590251 -0.0701008 0.99754
10.68 0.836181 0.0988451 -0.117393 0.993086
10.72 0.830544 0.138442 -0.16442 0.98639
10.76 0.823033 0.177727 -0.211076 0.97747
10.8 0.813664 0.21661 -0.257256 0.966343
10.84 0.80246 0.255005 -0.302855 0.953037
10.88 0.789445 0.292825 -0.347771 0.937579
10.92 0.774649 0.329983 -0.391902 0.920007
10.96 0.758105 0.366397 -0.43515 0.900358
11 0.73985 0.401985 -0.477415 0.878678
11.04 0.719926 0.436665 -0.518603 0.855015
11.08 0.698377 0.47036 -0.55862 0.829423
11.12 0.675253 0.502994 -0.597378 0.80196
11.16 0.650605 0.534493 -0.634787 0.772687
11.2 0.624489 0.564786 -0.670764 0.741671
11.24 0.596964 0.593804 -0.705228 0.708981
11.28 0.568092 0.621483 -0.7381 0.674691
11.32 0.537938 0.647759 -0.769307 0.638879
11.36 0.506571 0.672574 -0.798778 0.601625
11.4 0.47406 0.695871 -0.826447 0.563014
11.44 0.44048 0.717598 -0.852251 0.523133
11.48 0.405906 0.737706 -0.876132 0.482071
11.52 0.370416 0.756149 -0.898036 0.439922
11.56 0.33409 0.772887 -0.917914 0.39678
11.6 0.29701 0.78788 -0.935721 0.352742
11.64 0.25926 0.801095 -0.951416 0.307909
11.68 0.220925 0.812503 -0.964964 0.262381
11.72 0.182092 0.822078 -0.976336 0.216261
11.76 0.142848 0.829798 -0.985504 0.169652
11.8 0.103281 0.835645 -0.992449 0.122662
11.84 0.0634819 0.839607 -0.997154 0.0753939
11.88 0.0235392 0.841674 -0.999609 0.0279561
11.92 -0.0164567 0.841843 -0.999809 -0.0195447
11.96 -0.0564155 0.840111 -0.997753 -0.0670015
12 -0.0962469 0.836484 -0.993445 -0.114307
