0.000532508 0.0181345 0.0182223 0.000836603 0.0177741 0.0314029
0.00280558 0.0181373 0.0182221 0.000836598 0.017774 0.031403
0.00689428 0.018142 0.0182213 0.000836586 0.0177737 0.0314032
0.0127983 0.0181493 0.0182189 0.000836557 0.0177727 0.0314038
0.0205159 0.0181595 0.0182136 0.000836496 0.0177706 0.0314048
0.0300449 0.018173 0.0182037 0.000836377 0.0177665 0.0314065
0.0413823 0.0181886 0.0181871 0.00083617 0.0177598 0.0314098
0.0545247 0.0181921 0.0181613 0.000835842 0.0177493 0.0314248
0.0694681 0.0181947 0.0181235 0.000835358 0.0177338 0.031451
0.086208 0.018195 0.0180705 0.000834681 0.0177121 0.0314898
0.104739 0.0181905 0.0179987 0.000833773 0.0176826 0.0315404
0.125057 0.0181785 0.0179046 0.00083259 0.0176438 0.0316013
0.147153 0.0181561 0.017784 0.000831089 0.0175939 0.0316707
0.171023 0.0181198 0.0176331 0.000829224 0.017531 0.0317458
0.196659 0.0180656 0.0174476 0.000826946 0.0174532 0.0318225
0.224052 0.017989 0.0172234 0.000824197 0.0173585 0.0318947
0.253195 0.0178845 0.0169564 0.000820906 0.0172448 0.0319539
0.284079 0.0177461 0.0166428 0.000816985 0.0171098 0.0319895
0.316695 0.0175671 0.0162789 0.000812329 0.0169516 0.0319878
0.351032 0.0173404 0.0158616 0.000806818 0.0167679 0.0319324
0.387081 0.0170584 0.0153882 0.000800316 0.0165567 0.031804
0.424829 0.0167138 0.0148568 0.000792678 0.0163161 0.0315808
0.464267 0.0162993 0.0142667 0.000783753 0.0160443 0.0312392
0.505381 0.0158089 0.0136181 0.000773394 0.0157396 0.0307547
0.54816 0.0152375 0.012913 0.000761464 0.0154007 0.0301037
0.59259 0.0145821 0.0121548 0.000747854 0.0150266 0.0292652
0.638659 0.0138423 0.0113486 0.000732485 0.0146165 0.0282226
0.686351 0.0130203 0.0105015 0.000715314 0.0141701 0.0269666
0.735653 0.012122 0.00962201 0.000696342 0.0136876 0.0254966
0.78655 0.0111565 0.00872043 0.000675602 0.0131695 0.0238225
0.839026 0.0101369 0.00780822 0.000653168 0.0126172 0.0219656
0.893066 0.00907917 0.00689788 0.000629144 0.0120323 0.0199584
0.948652 0.00800237 0.00600252 0.000603665 0.0114172 0.0178434
1.00577 0.0069275 0.00513548 0.00057689 0.0107749 0.0156711
1.0644 0.00587665 0.00430989 0.000548999 0.0101089 0.0134971
1.12452 0.0048719 0.00353822 0.000520189 0.00942357 0.0113785
1.18612 0.00393422 0.00283185 0.000490669 0.00872352 0.00937061
1.24918 0.00308232 0.00220045 0.000460657 0.0080141 0.00752325
1.31368 0.00233168 0.00165161 0.000430383 0.00730104 0.00587797
1.3796 0.00169376 0.00119039 0.000400078 0.00659047 0.00446569
1.44692 0.00117532 0.000819108 0.000369975 0.00588879 0.00330521
1.51562 0.000778176 0.000537127 0.000340306 0.00520253 0.00240253
1.58567 0.000499088 0.000340738 0.000311291 0.00453827 0.00175114
1.65707 0.000330039 0.000223275 0.000283141 0.00390241 0.0013331
1.72978 0.000258759 0.000175473 0.00025605 0.00330112 0.00112082
1.80378 0.000269512 0.00018599 0.000230195 0.00274008 0.00107944
1.87905 0.000344077 0.000241939 0.000205729 0.0022244 0.00116942
1.95557 0.00046286 0.000329446 0.000182781 0.00175841 0.00134936
2.03332 0.000606069 0.000434377 0.000161452 0.00134557 0.00157866
2.11227 0.000754865 0.000543255 0.000141812 0.000988303 0.00181989
2.19239 0.00089243 0.000644151 0.000123902 0.000687944 0.00204085
2.27367 0.00100487 0.000727318 0.00010773 0.000444642 0.00221607
2.35608 0.00108193 0.000785499 9.32783e-05 0.000257344 0.00232777
2.43959 0.00111737 0.000814074 8.04996e-05 0.000123796 0.00236629
2.52418 0.00110919 0.000811191 6.93222e-05 4.05939e-05 0.00232986
2.60983 0.00105937 0.000777926 5.96524e-05 3.2689e-06 0.00222388
2.6965 0.00097349 0.000718232 5.13784e-05 6.41691e-06 0.00205968
2.78417 0.000859934 0.000638375 4.43744e-05 4.38626e-05 0.00185282
2.87282 0.000729002 0.000545937 3.85054e-05 0.000108856 0.00162124
2.96241 0.000591826 0.000448801 3.36319e-05 0.000194294 0.00138326
3.05292 0.000459291 0.000354415 2.9614e-05 0.000292959 0.00115575
3.14433 0.000341016 0.000269335 2.63159e-05 0.000397765 0.000952554
3.2366 0.000244518 0.000198926 2.36091e-05 0.000501998 0.000783456
3.32971 0.000174639 0.000147141 2.13752e-05 0.000599549 0.000653671
3.42362 0.000133285 0.000116192 1.95087e-05 0.000685117 0.000563923
3.51832 0.000119509 0.000106177 1.7918e-05 0.000754378 0.000511049
3.61377 0.000129886 0.000115015 1.65266e-05 0.000804116 0.000488971
3.70994 0.000159144 0.000138951 1.52729e-05 0.000832304 0.000489878
3.80681 0.000200921 0.00017337 1.41097e-05 0.000838126 0.000505408
3.90433 0.000248554 0.000213525 1.30031e-05 0.000821954 0.000527672
4.0025 0.000295805 0.000254921 1.19308e-05 0.000785266 0.000550024
4.10127 0.000337415 0.000293504 1.08808e-05 0.000730513 0.000567501
4.20061 0.000369483 0.000325856 9.84929e-06 0.00066095 0.000576973
4.3005 0.000389618 0.000349378 8.8391e-06 0.000580428 0.000577037
4.40091 0.000396913 0.000362344 7.85758e-06 0.000493166 0.000567727
4.5018 0.000391769 0.000363988 6.91495e-06 0.000403515 0.000550137
4.60314 0.000375625 0.000354687 6.02245e-06 0.000315718 0.000526016
4.70491 0.000350635 0.000335961 5.19079e-06 0.000233693 0.0004974
4.80707 0.000319356 0.000310136 4.42881e-06 0.000160837 0.000466307
4.90959 0.000284463 0.000279849 3.74257e-06 9.98715e-05 0.000434529
5.01244 0.00024852 0.000247636 3.13487e-06 5.27257e-05 0.000403511
5.11559 0.000213812 0.000215704 2.60532e-06 2.04744e-05 0.000374303
5.219 0.000182231 0.000185882 2.15074e-06 3.32429e-06 0.000347577
5.32266 0.000155219 0.000159646 1.76575e-06 6.49915e-07 0.000323671
5.42652 0.000133744 0.000138133 1.44356e-06 1.10758e-05 0.000302659
5.53055 0.000118309 0.000122115 1.17667e-06 3.25972e-05 0.000284419
5.63472 0.000108985 0.000111943 9.57435e-07 6.27307e-05 0.000268705
5.73901 0.00010546 0.000107555 7.78536e-07 9.86847e-05 0.000255198
5.84337 0.000107104 0.0001085 6.33266e-07 0.000137538 0.000243553
5.94779 0.000113039 0.000113947 5.15687e-07 0.000176418 0.000233432
6.05221 0.000122211 0.000122765 4.20688e-07 0.000212661 0.000224524
6.15663 0.000133477 0.000133702 3.4397e-07 0.000243956 0.00021656
6.26099 0.000145671 0.000145536 2.81975e-07 0.000268453 0.000209316
6.36528 0.00015768 0.000157151 2.31807e-07 0.000284845 0.000202617
6.46945 0.000168503 0.000167605 1.91126e-07 0.000292403 0.000196329
6.57348 0.000177297 0.000176163 1.58059e-07 0.00029098 0.000190358
6.67734 0.000183417 0.000182283 1.31109e-07 0.00028098 0.000184639
6.781 0.000186438 0.000185572 1.09084e-07 0.000263293 0.000179132
6.88441 0.000186158 0.000185762 9.10323e-08 0.00023921 0.000173817
6.98756 0.000182594 0.00018275 7.6194e-08 0.000210313 0.000168684
7.09041 0.000175965 0.000176628 6.39592e-08 0.000178366 0.000163731
7.19293 0.00016666 0.000167682 5.38384e-08 0.000145194 0.000158959
7.29509 0.000155202 0.000156375 4.54375e-08 0.000112572 0.000154373
7.39686 0.000142207 0.000143325 3.84395e-08 8.21277e-05 0.000149975
7.4982 0.000128341 0.000129253 3.2589e-08 5.52555e-05 0.000145766
7.59909 0.000114276 0.000114919 2.76803e-08 3.30554e-05 0.000141746
7.6995 0.000100653 0.000101068 2.35482e-08 1.62929e-05 0.000137911
7.79939 8.80454e-05 8.83276e-05 2.00597e-08 5.38169e-06 0.000134256
7.89873 7.69331e-05 7.71561e-05 1.71073e-08 3.89004e-07 0.000130776
7.9975 6.76836e-05 6.78682e-05 1.46041e-08 1.05963e-06 0.000127462
8.09567 6.05406e-05 6.06986e-05 1.24793e-08 6.85693e-06 0.000124305
8.19319 5.56208e-05 5.58053e-05 1.06746e-08 1.70159e-05 0.000121297
8.29006 5.2919e-05 5.32136e-05 9.14153e-09 3.06042e-05 0.000118428
8.38623 5.23181e-05 5.27785e-05 7.83935e-09 4.6587e-05 0.00011569
8.48168 5.36059e-05 5.42251e-05 6.73358e-09 6.38912e-05 0.000113075
8.57638 5.64946e-05 5.72247e-05 5.79479e-09 8.14651e-05 0.000110574
8.67029 6.06423e-05 6.14316e-05 4.99769e-09 9.83318e-05 0.00010818
8.7634 6.5676e-05 6.64838e-05 4.32057e-09 0.000113632 0.000105887
8.85567 7.12131e-05 7.20067e-05 3.74478e-09 0.000126658 0.000103689
8.94708 7.68819e-05 7.76261e-05 3.25432e-09 0.000136872 0.000101581
9.03759 8.23384e-05 8.29848e-05 2.83558e-09 0.000143919 9.95565e-05
9.12718 8.72808e-05 8.77677e-05 2.47699e-09 0.000147627 9.76125e-05
9.21583 9.14595e-05 9.17264e-05 2.1688e-09 0.000147993 9.57448e-05
9.3035 9.46838e-05 9.46866e-05 1.90286e-09 0.000145168 9.39496e-05
9.39017 9.68245e-05 9.65415e-05 1.67238e-09 0.000139435 9.22238e-05
9.47582 9.78136e-05 9.72447e-05 1.47173e-09 0.000131182 9.05644e-05
9.56041 9.76405e-05 9.68066e-05 1.29631e-09 0.000120869 8.89686e-05
9.64392 9.63464e-05 9.52935e-05 1.14234e-09 0.000109006 8.74338e-05
9.72633 9.40169e-05 9.28209e-05 1.00672e-09 9.61175e-05 8.59575e-05
9.80761 9.07727e-05 8.95387e-05 8.86932e-10 8.27255e-05 8.45375e-05
9.88773 8.67609e-05 8.56104e-05 7.80905e-10 6.93217e-05 8.31716e-05
9.96668 8.21455e-05 8.1197e-05 6.86934e-10 5.63527e-05 8.18578e-05
10.0444 7.70987e-05 7.64481e-05 6.036e-10 4.42064e-05 8.05941e-05
10.1209 7.17927e-05 7.14964e-05 5.29704e-10 3.3203e-05 7.93787e-05
10.1962 6.6393e-05 6.64564e-05 4.64224e-10 2.35901e-05 7.82097e-05
10.2702 6.10525e-05 6.14299e-05 4.06269e-10 1.55422e-05 7.70854e-05
10.3429 5.59071e-05 5.65159e-05 3.55058e-10 9.16287e-06 7.60043e-05
10.4143 5.10729e-05 5.18146e-05 3.09891e-10 4.48952e-06 7.49649e-05
10.4844 4.66442e-05 4.74235e-05 2.70138e-10 1.50054e-06 7.39655e-05
10.5531 4.26929e-05 4.34279e-05 2.35229e-10 1.23713e-07 7.30049e-05
10.6204 3.92686e-05 3.98937e-05 2.04643e-10 2.45333e-07 7.20818e-05
10.6863 3.64004e-05 3.68651e-05 1.77903e-10 1.71974e-06 7.11947e-05
10.7508 3.40978e-05 3.43659e-05 1.54578e-10 4.37859e-06 7.03426e-05
10.8139 3.23537e-05 3.2403e-05 1.34272e-10 8.03965e-06 6.95242e-05
10.8755 3.11468e-05 3.09692e-05 1.16628e-10 1.25147e-05 6.87386e-05
10.9356 3.04438e-05 3.00466e-05 1.01324e-10 1.76167e-05 6.79846e-05
10.9942 3.02027e-05 2.96077e-05 8.80695e-11 2.31651e-05 6.72612e-05
11.0513 3.03752e-05 2.9617e-05 7.66046e-11 2.89911e-05 6.65676e-05
11.1069 3.09089e-05 3.00323e-05 6.66985e-11 3.49408e-05 6.59029e-05
11.161 3.17494e-05 3.08061e-05 5.81467e-11 4.08779e-05 6.52662e-05
11.2134 3.28428e-05 3.18876e-05 5.07687e-11 4.66847e-05 6.46567e-05
11.2643 3.41364e-05 3.32254e-05 4.44061e-11 5.2263e-05 6.40737e-05
11.3136 3.55804e-05 3.47682e-05 3.89204e-11 5.75342e-05 6.35164e-05
11.3613 3.71289e-05 3.64669e-05 3.41909e-11 6.2438e-05 6.29843e-05
11.4074 3.87403e-05 3.82753e-05 3.01125e-11 6.69313e-05 6.24766e-05
11.4518 4.03777e-05 4.01512e-05 2.65946e-11 7.09871e-05 6.19927e-05
11.4946 4.20097e-05 4.20565e-05 2.35586e-11 7.45922e-05 6.15321e-05
11.5357 4.36093e-05 4.39575e-05 2.0937e-11 7.77456e-05 6.10942e-05
11.5752 4.51548e-05 4.58249e-05 1.86717e-11 8.04568e-05 6.06786e-05
11.6129 4.66291e-05 4.76337e-05 1.67127e-11 8.27432e-05 6.02848e-05
11.649 4.80191e-05 4.93629e-05 1.50173e-11 8.46293e-05 5.99122e-05
11.6833 4.93158e-05 5.09959e-05 1.35488e-11 8.61442e-05 5.95605e-05
11.7159 5.05135e-05 5.25201e-05 1.2276e-11 8.73208e-05 5.92294e-05
11.7468 5.16095e-05 5.3927e-05 1.11721e-11 8.8194e-05 5.89183e-05
11.7759 5.26034e-05 5.5212e-05 1.02142e-11 8.87998e-05 5.8627e-05
11.8033 5.34971e-05 5.63737e-05 9.38285e-12 8.91744e-05 5.83552e-05
11.829 5.4294e-05 5.74137e-05 8.66143e-12 8.93532e-05 5.81025e-05
11.8528 5.49986e-05 5.83359e-05 8.03579e-12 8.93705e-05 5.78687e-05
11.8749 5.56166e-05 5.91461e-05 7.49388e-12 8.92588e-05 5.76535e-05
11.8953 5.6154e-05 5.98512e-05 7.02548e-12 8.90482e-05 5.74567e-05
11.9138 5.66171e-05 6.04591e-05 6.6219e-12 8.87668e-05 5.72781e-05
11.9305 5.70126e-05 6.09778e-05 6.27581e-12 8.84401e-05 5.71175e-05
11.9455 5.73465e-05 6.14155e-05 5.98103e-12 8.80908e-05 5.69747e-05
11.9586 5.7625e-05 6.17801e-05 5.73241e-12 8.77392e-05 5.68495e-05
11.97 5.78536e-05 6.20788e-05 5.52563e-12 8.74028e-05 5.67418e-05
11.9795 5.80372e-05 6.23184e-05 5.3572e-12 8.70966e-05 5.66516e-05
11.9872 5.81802e-05 6.25047e-05 5.22428e-12 8.6833e-05 5.65787e-05
11.9931 5.8286e-05 6.26424e-05 5.12466e-12 8.66221e-05 5.6523e-05
11.9972 5.83575e-05 6.27353e-05 5.0567e-12 8.64713e-05 5.64845e-05
11.9995 5.83965e-05 6.27861e-05 5.01928e-12 8.63858e-05 5.6463e-05
