0.000532508 -0.000209459 -0.000258115 -0.393345 -0.484716
0.00280558 -0.00110356 -0.0013599 -0.393341 -0.48471
0.00689428 -0.00271178 -0.00334169 -0.393321 -0.484682
0.0127983 -0.00503379 -0.00620303 -0.393264 -0.484598
0.0205159 -0.0080684 -0.00994232 -0.393136 -0.484412
0.0300449 -0.0118135 -0.0145567 -0.392897 -0.484065
0.0413823 -0.0162658 -0.0200416 -0.392495 -0.48348
0.0545247 -0.0214202 -0.02639 -0.391868 -0.482569
0.0694681 -0.0272694 -0.0335916 -0.390945 -0.481228
0.086208 -0.0338033 -0.0416321 -0.389643 -0.479339
0.104739 -0.041008 -0.0504918 -0.387871 -0.476769
0.125057 -0.0488653 -0.0601449 -0.385522 -0.473367
0.147153 -0.0573515 -0.0705576 -0.382482 -0.46897
0.171023 -0.0664364 -0.081687 -0.378621 -0.463397
0.196659 -0.0760822 -0.0934795 -0.373797 -0.45645
0.224052 -0.0862423 -0.105869 -0.367858 -0.447918
0.253195 -0.09686 -0.118775 -0.360639 -0.437579
0.284079 -0.107867 -0.132102 -0.351969 -0.425199
0.316695 -0.119182 -0.145736 -0.341669 -0.410546
0.351032 -0.130709 -0.159543 -0.329566 -0.393391
0.387081 -0.14234 -0.173372 -0.315492 -0.373522
0.424829 -0.153949 -0.187048 -0.299295 -0.35075
0.464267 -0.165393 -0.200378 -0.280846 -0.324924
0.505381 -0.176518 -0.213148 -0.260047 -0.295942
0.54816 -0.187151 -0.225127 -0.236835 -0.263754
0.59259 -0.19711 -0.236066 -0.211192 -0.228375
0.638659 -0.206198 -0.245707 -0.183141 -0.189889
0.686351 -0.214213 -0.253781 -0.152753 -0.148451
0.735653 -0.220945 -0.260016 -0.120149 -0.104289
0.78655 -0.226182 -0.264142 -0.0854971 -0.0577107
0.839026 -0.229714 -0.265897 -0.049018 -0.00909921
0.893066 -0.231337 -0.265032 -0.0109858 0.0410801
0.948652 -0.230856 -0.261322 0.0282701 0.0922808
1.00577 -0.228094 -0.254572 0.0683638 0.143875
1.0644 -0.222895 -0.244623 0.108852 0.195156
1.12452 -0.215129 -0.231367 0.149237 0.245345
1.18612 -0.204703 -0.214749 0.188966 0.293595
1.24918 -0.19156 -0.19478 0.227441 0.339012
1.31368 -0.175695 -0.171544 0.264024 0.380661
1.3796 -0.157149 -0.145201 0.298048 0.417592
1.44692 -0.136025 -0.115999 0.328829 0.448864
1.51562 -0.112486 -0.0842716 0.355679 0.473564
1.58567 -0.086758 -0.0504428 0.377926 0.490843
1.65707 -0.0591349 -0.0150234 0.394929 0.499944
1.72978 -0.0299759 0.0213923 0.4061 0.500229
1.80378 0.000295922 0.0581344 0.410922 0.491218
1.87905 0.0311973 0.0944685 0.408971 0.472611
1.95557 0.0621917 0.12961 0.399935 0.444321
2.03332 0.0926975 0.162741 0.383637 0.406495
2.11227 0.122099 0.193033 0.360045 0.359532
2.19239 0.14976 0.219668 0.329294 0.304094
2.27367 0.175038 0.241866 0.291689 0.241109
2.35608 0.197302 0.258911 0.247716 0.171764
2.43959 0.215947 0.270176 0.19804 0.0974921
2.52418 0.230419 0.275153 0.1435 0.0199396
2.60983 0.240226 0.273474 0.0850995 -0.0590664
2.6965 0.244963 0.264935 0.0239823 -0.137568
2.78417 0.244324 0.249512 -0.0385868 -0.213531
2.87282 0.238116 0.227373 -0.101255 -0.28491
2.96241 0.226276 0.198883 -0.162616 -0.349718
3.05292 0.208873 0.164603 -0.221252 -0.406093
3.14433 0.186117 0.125283 -0.275777 -0.452373
3.2366 0.158356 0.0818417 -0.324875 -0.487157
3.32971 0.126071 0.0353472 -0.367349 -0.509367
3.42362 0.0898708 -0.0130161 -0.402156 -0.518288
3.51832 0.0504715 -0.0619822 -0.428441 -0.513608
3.61377 0.00868405 -0.110243 -0.445568 -0.495426
3.70994 -0.034609 -0.156489 -0.453136 -0.464258
3.80681 -0.0784766 -0.199455 -0.450991 -0.421009
3.90433 -0.121964 -0.237959 -0.439226 -0.366947
4.0025 -0.164121 -0.270938 -0.418173 -0.30364
4.10127 -0.20402 -0.297485 -0.388386 -0.232904
4.20061 -0.240789 -0.316872 -0.350616 -0.156723
4.3005 -0.273625 -0.32857 -0.305782 -0.0771776
4.40091 -0.301818 -0.33226 -0.254939 0.00363158
4.5018 -0.324763 -0.327839 -0.199237 0.0836552
4.60314 -0.34197 -0.315411 -0.139892 0.160958
4.70491 -0.353078 -0.295278 -0.0781487 0.233774
4.80707 -0.357851 -0.267926 -0.015252 0.300543
4.90959 -0.356186 -0.234 0.0475815 0.359942
5.01244 -0.348108 -0.194282 0.109185 0.4109
5.11559 -0.333762 -0.149663 0.168458 0.4526
5.219 -0.313415 -0.101122 0.224385 0.484475
5.32266 -0.287438 -0.0496892 0.276039 0.506195
5.42652 -0.256303 0.00356767 0.322598 0.517653
5.53055 -0.220569 0.0575748 0.363348 0.518941
5.63472 -0.18087 0.111271 0.397688 0.510331
5.73901 -0.137904 0.163629 0.425135 0.492257
5.84337 -0.0924164 0.21367 0.445327 0.465293
5.94779 -0.04519 0.260485 0.458024 0.430136
6.05221 0.00297248 0.303242 0.463111 0.387587
6.15663 0.0512612 0.341203 0.460592 0.338537
6.26099 0.0988733 0.373729 0.450595 0.283946
6.36528 0.145027 0.400294 0.433363 0.224832
6.46945 0.188975 0.420482 0.409249 0.162253
6.57348 0.230015 0.434 0.378711 0.0972899
6.67734 0.267506 0.440671 0.3423 0.0310314
6.781 0.300871 0.440441 0.300652 -0.0354411
6.88441 0.329613 0.433372 0.254477 -0.10107
6.98756 0.353317 0.419639 0.204543 -0.164837
7.09041 0.371658 0.399525 0.151664 -0.225776
7.19293 0.384404 0.373412 0.096686 -0.28299
7.29509 0.391419 0.341771 0.0404713 -0.335661
7.39686 0.392659 0.305154 -0.0161159 -0.383061
7.4982 0.388178 0.26418 -0.072224 -0.424561
7.59909 0.378114 0.219523 -0.127028 -0.459639
7.6995 0.362695 0.171897 -0.179743 -0.487889
7.79939 0.342224 0.122048 -0.229636 -0.509015
7.89873 0.317077 0.0707325 -0.276036 -0.522841
7.9975 0.28769 0.0187122 -0.318343 -0.529306
8.09567 0.254552 -0.0332649 -0.356039 -0.528462
8.19319 0.218195 -0.0844735 -0.388687 -0.520467
8.29006 0.179181 -0.134223 -0.415943 -0.505582
8.38623 0.138095 -0.181868 -0.43755 -0.484159
8.48168 0.0955323 -0.226815 -0.453345 -0.456632
8.57638 0.0520868 -0.268532 -0.463254 -0.423509
8.67029 0.00834445 -0.306555 -0.467292 -0.385359
8.7634 -0.0351275 -0.340488 -0.465554 -0.342799
8.85567 -0.0777887 -0.370011 -0.458215 -0.296482
8.94708 -0.119133 -0.394878 -0.445519 -0.247086
9.03759 -0.158693 -0.414918 -0.427774 -0.195303
9.12718 -0.196049 -0.430035 -0.405341 -0.141823
9.21583 -0.230829 -0.440201 -0.37863 -0.0873282
9.3035 -0.262713 -0.445457 -0.348085 -0.0324805
9.39017 -0.291438 -0.445908 -0.314179 0.0220872
9.47582 -0.316793 -0.441714 -0.277406 0.0757785
9.56041 -0.338622 -0.433086 -0.238268 0.12804
9.64392 -0.356823 -0.420281 -0.197269 0.178369
9.72633 -0.371346 -0.403593 -0.15491 0.226313
9.80761 -0.382188 -0.383347 -0.111676 0.271479
9.88773 -0.389394 -0.359892 -0.0680365 0.313528
9.96668 -0.393046 -0.333594 -0.0244344 0.352185
10.0444 -0.393269 -0.30483 0.0187157 0.387229
10.1209 -0.390216 -0.273981 0.0610317 0.418499
10.1962 -0.384069 -0.241427 0.102167 0.445888
10.2702 -0.375036 -0.207541 0.141815 0.469344
10.3429 -0.36334 -0.172684 0.179704 0.48886
10.4143 -0.34922 -0.137204 0.215606 0.504478
10.4844 -0.332925 -0.101428 0.249331 0.51628
10.5531 -0.314708 -0.0656632 0.280728 0.524383
10.6204 -0.294825 -0.0301904 0.309684 0.52894
10.6863 -0.273529 0.00473351 0.336122 0.530127
10.7508 -0.251068 0.0388789 0.359998 0.528144
10.8139 -0.227684 0.0720435 0.381301 0.52321
10.8755 -0.203607 0.104053 0.400048 0.515557
10.9356 -0.179056 0.134759 0.416282 0.505428
10.9942 -0.154235 0.164041 0.43007 0.493068
11.0513 -0.129335 0.191805 0.441498 0.478729
11.1069 -0.10453 0.217979 0.45067 0.462659
11.161 -0.0799775 0.242515 0.457705 0.445103
11.2134 -0.0558192 0.265386 0.462733 0.4263
11.2643 -0.0321799 0.286585 0.465893 0.406481
11.3136 -0.00916839 0.306123 0.467332 0.385867
11.3613 0.0131226 0.324025 0.467199 0.364666
11.4074 0.0346154 0.340332 0.465648 0.343075
11.4518 0.0552465 0.355094 0.462832 0.321279
11.4946 0.0749661 0.368374 0.458903 0.299447
11.5357 0.0937368 0.380241 0.45401 0.277736
11.5752 0.111532 0.390773 0.4483 0.256287
11.6129 0.128337 0.400052 0.441913 0.23523
11.649 0.144145 0.408163 0.434985 0.21468
11.6833 0.158957 0.415193 0.427644 0.194738
11.7159 0.172783 0.421231 0.420013 0.175496
11.7468 0.185635 0.426367 0.412205 0.157032
11.7759 0.197535 0.430687 0.404329 0.139415
11.8033 0.208504 0.434277 0.396484 0.122703
11.829 0.21857 0.437221 0.388762 0.106945
11.8528 0.227761 0.439598 0.381248 0.0921838
11.8749 0.236106 0.441483 0.374019 0.0784524
11.8953 0.243635 0.442948 0.367145 0.0657789
11.9138 0.250379 0.44406 0.360688 0.0541858
11.9305 0.256367 0.444879 0.354705 0.0436908
11.9455 0.261627 0.445462 0.349246 0.0343073
11.9586 0.266185 0.445859 0.344354 0.0260457
11.97 0.270065 0.446113 0.340066 0.0189136
11.9795 0.273288 0.446265 0.336415 0.0129165
11.9872 0.275873 0.446346 0.333426 0.00805809
11.9931 0.277834 0.446383 0.33112 0.00434091
11.9972 0.279185 0.446395 0.329514 0.00176651
11.9995 0.279933 0.446398 0.328618 0.00033553
