0.05     -75.1097                       
0.1     -68.3328                        
0.15     -66.0288                       
0.2     -64.8382                        
0.25     -64.0887                       
0.3     -63.5559                        
0.35     -63.1431                       
0.4     -62.8019                        
0.45     -62.5047                       
0.5     -62.235                         
0.55     -61.9817                       
0.6     -61.7374                        
0.65     -61.4963                       
0.7     -61.2542                        
0.75     -61.0078                       
0.8     -60.7541                        
0.85     -60.4906                       
0.9     -60.2152                        
0.95     -59.9257                       
1     -59.6203                          
1.05     -59.2971                       
1.1     -58.9543                        
1.15     -58.5903                       
1.2     -58.2033                        
1.25     -57.7916                       
1.3     -57.3536                        
1.35     -56.8877                       
1.4     -56.3923                        
1.45     -55.866                        
1.5     -55.3072                        
1.55     -54.7147                       
1.6     -54.087                         
1.65     -53.4232                       
1.7     -52.7221                        
1.75     -51.983                        
1.8     -51.2051                        
1.85     -50.3881                       
1.9     -49.5317                        
1.95     -48.636                        
2     -47.7014                          
2.05     -46.7285                       
2.1     -45.7183                        
2.15     -44.672                        
2.2     -43.5914                        
2.25     -42.4784                       
2.3     -41.3354                        
2.35     -40.1649                       
2.4     -38.9699                        
2.45     -37.7537                       
2.5     -36.5197                        
2.55     -35.2716                       
2.6     -34.0133                        
2.65     -32.7486                       
2.7     -31.4817                        
2.75     -30.2166                       
2.8     -28.9573                        
2.85     -27.7077                       
2.9     -26.4717                        
2.95     -25.2529                       
3     -24.0546                          
3.05     -22.88                         
3.1     -21.7321                        
3.15     -20.6133                       
3.2     -19.526                         
3.25     -18.4721                       
3.3     -17.4532                        
3.35     -16.4705                       
3.4     -15.5252                        
3.45     -14.6179                       
3.5     -13.7489                        
3.55     -12.9184                       
3.6     -12.1263                        
3.65     -11.3723                       
3.7     -10.6559                        
3.75     -9.97625                       
3.8     -9.33266                        
3.85     -8.72412                       
3.9     -8.14956                        
3.95     -7.60783                       
4     -7.09772                          
4.05     -6.61796                       
4.1     -6.16728                        
4.15     -5.74435                       
4.2     -5.34788                        
4.25     -4.97655                       
4.3     -4.62908                        
4.35     -4.30419                       
4.4     -4.00066                        
4.45     -3.71729                       
4.5     -3.4529                         
4.55     -3.20639                       
4.6     -2.97667                        
4.65     -2.76272                       
4.7     -2.56355                        
4.75     -2.37822                       
4.8     -2.20586                        
4.85     -2.04561                       
4.9     -1.89668                        
4.95     -1.75831                       
5     -1.62981                          
5.05     -1.51049                       
5.1     -1.39973                        
5.15     -1.29695                       
5.2     -1.20159                        
5.25     -1.11314                       
5.3     -1.0311                         
5.35     -0.955035                      
5.4     -0.884514                       
5.45     -0.819144                      
5.5     -0.758558                       
5.55     -0.702413                      
5.6     -0.65039                        
5.65     -0.602191                      
5.7     -0.55754                        
5.75     -0.516179                      
5.8     -0.477869                       
5.85     -0.442388                      
5.9     -0.40953                        
5.95     -0.379102                      
6     -0.350926                         
6.05     -0.324837                      
6.1     -0.300682                       
6.15     -0.278318                      
6.2     -0.257614                       
6.25     -0.238446                      
6.3     -0.220702                       
6.35     -0.204276                      
6.4     -0.189071                       
6.45     -0.174997                      
6.5     -0.161968                       
6.55     -0.149909                      
6.6     -0.138747                       
6.65     -0.128416                      
6.7     -0.118853                       
6.75     -0.110002                      
6.8     -0.10181                        
6.85     -0.0942284                     
6.9     -0.087211                       
6.95     -0.0807162                     
7     -0.0747051                        
7.05     -0.0691416                     
7.1     -0.0639926                      
7.15     -0.059227                      
7.2     -0.0548165                      
7.25     -0.0507345                     
7.3     -0.0469565                      
7.35     -0.04346                       
7.4     -0.0402239                      
7.45     -0.0372289                     
7.5     -0.034457                       
7.55     -0.0318916                     
7.6     -0.0295173                      
7.65     -0.0273198                     
7.7     -0.025286                       
7.75     -0.0234037                     
7.8     -0.0216616                      
7.85     -0.0200493                     
7.9     -0.018557                       
7.95     -0.0171758                     
8     -0.0158975                        
8.05     -0.0147144                     
8.1     -0.0136194                      
8.15     -0.012606                      
8.2     -0.0116679                      
8.25     -0.0107998                     
8.3     -0.00999624                     
8.35     -0.00925252                    
8.4     -0.00856417                     
8.45     -0.00792706                    
8.5     -0.00733737                     
8.55     -0.00679157                    
8.6     -0.00628639                     
8.65     -0.00581882                    
8.7     -0.00538604                     
8.75     -0.00498546                    
8.8     -0.0046147                      
8.85     -0.00427152                    
8.9     -0.00395388                     
8.95     -0.00365987                    
9     -0.00338774                       
9.05     -0.00313585                    
9.1     -0.0029027                      
9.15     -0.00268689                    
9.2     -0.00248714                     
9.25     -0.00230224                    
9.3     -0.0021311                      
9.35     -0.00197268                    
9.4     -0.00182605                     
9.45     -0.00169032                    
9.5     -0.00156468                     
9.55     -0.00144839                    
9.6     -0.00134074                     
9.65     -0.0012411                     
9.7     -0.00114887                     
9.75     -0.00106349                    
9.8     -0.000984465                    
9.85     -0.000911312                   
9.9     -0.000843597                    
9.95     -0.000780915                   
10     -0.000722893                     
10.05     -0.000669184                  
10.1     -0.000619467                   
10.15     -0.000573445                  
10.2     -0.000530844                   
10.25     -0.000491408                  
10.3     -0.000454904                   
10.35     -0.000421112                  
10.4     -0.000389831                   
10.45     -0.000360875                  
10.5     -0.00033407                    
10.55     -0.000309258                  
10.6     -0.000286288                   
10.65     -0.000265026                  
10.7     -0.000245343                   
10.75     -0.000227122                  
10.8     -0.000210255                   
10.85     -0.000194641                  
10.9     -0.000180187                   
10.95     -0.000166807                  
11     -0.00015442                      
11.05     -0.000142954                  
11.1     -0.000132339                   
11.15     -0.000122513                  
11.2     -0.000113416                   
11.25     -0.000104996                  
11.3     -9.72002e-05                   
11.35     -8.99837e-05                  
11.4     -8.33032e-05                   
11.45     -7.71187e-05                  
11.5     -7.13936e-05                   
11.55     -6.60936e-05                  
11.6     -6.11871e-05                   
11.65     -5.6645e-05                   
11.7     -5.24401e-05                   
11.75     -4.85475e-05                  
11.8     -4.49439e-05                   
11.85     -4.16079e-05                  
11.9     -3.85195e-05                   
11.95     -3.56604e-05                  
12     -3.30136e-05                     
12.05     -3.05633e-05                  
12.1     -2.82949e-05                   
12.15     -2.61949e-05                  
12.2     -2.42508e-05                   
12.25     -2.24511e-05                  
12.3     -2.07849e-05                   
12.35     -1.92424e-05                  
12.4     -1.78144e-05                   
12.45     -1.64924e-05                  
12.5     -1.52685e-05                   
12.55     -1.41355e-05                  
12.6     -1.30866e-05                   
12.65     -1.21155e-05                  
12.7     -1.12165e-05                   
12.75     -1.03842e-05                  
12.8     -9.61367e-06                   
12.85     -8.90035e-06                  
12.9     -8.23996e-06                   
12.95     -7.62858e-06                  
13     -7.06257e-06                     
13.05     -6.53856e-06                  
13.1     -6.05345e-06                   
13.15     -5.60433e-06                  
13.2     -5.18853e-06                   
13.25     -4.8036e-06                   
13.3     -4.44722e-06                   
13.35     -4.11729e-06                  
13.4     -3.81185e-06                   
13.45     -3.52906e-06                  
13.5     -3.26726e-06                   
13.55     -3.02488e-06                  
13.6     -2.80049e-06                   
13.65     -2.59274e-06                  
13.7     -2.40041e-06                   
13.75     -2.22235e-06                  
13.8     -2.0575e-06                    
13.85     -1.90488e-06                  
13.9     -1.76358e-06                   
13.95     -1.63277e-06                  
14     -1.51166e-06                     
14.05     -1.39953e-06                  
14.1     -1.29573e-06                   
14.15     -1.19962e-06                  
14.2     -1.11064e-06                   
14.25     -1.02827e-06                  
14.3     -9.52002e-07                   
14.35     -8.81393e-07                  
14.4     -8.16023e-07                   
14.45     -7.55501e-07                  
14.5     -6.99469e-07                   
14.55     -6.47593e-07                  
14.6     -5.99565e-07                   
14.65     -5.551e-07                    
14.7     -5.13932e-07                   
14.75     -4.75818e-07                  
14.8     -4.40531e-07                   
14.85     -4.07862e-07                  
14.9     -3.77615e-07                   
14.95     -3.49612e-07                  
15     -3.23686e-07                     
15.05     -2.99682e-07                  
15.1     -2.77459e-07                   
15.15     -2.56884e-07                  
15.2     -2.37835e-07                   
15.25     -2.20199e-07                  
15.3     -2.0387e-07                    
15.35     -1.88753e-07                  
15.4     -1.74757e-07                   
15.45     -1.61798e-07                  
15.5     -1.49801e-07                   
15.55     -1.38693e-07                  
15.6     -1.28409e-07                   
15.65     -1.18888e-07                  
15.7     -1.10073e-07                   
15.75     -1.01911e-07                  
15.8     -9.4355e-08                    
15.85     -8.7359e-08                   
15.9     -8.08818e-08                   
15.95     -7.48849e-08                  
16     -6.93327e-08                     
16.05     -6.41922e-08                  
16.1     -5.94329e-08                   
16.15     -5.50264e-08                  
16.2     -5.09467e-08                   
16.25     -4.71695e-08                  
16.3     -4.36724e-08                   
16.35     -4.04346e-08                  
16.4     -3.74368e-08                   
16.45     -3.46614e-08                  
16.5     -3.20917e-08                   
16.55     -2.97125e-08                  
16.6     -2.75097e-08                   
16.65     -2.54703e-08                  
16.7     -2.35821e-08                   
16.75     -2.18338e-08                  
16.8     -2.02152e-08                   
16.85     -1.87166e-08                  
16.9     -1.73291e-08                   
16.95     -1.60444e-08                  
17     -1.4855e-08                      
17.05     -1.37538e-08                  
17.1     -1.27342e-08                   
17.15     -1.17902e-08                  
17.2     -1.09162e-08                   
17.25     -1.0107e-08                   
17.3     -9.35781e-09                   
17.35     -8.66414e-09                  
17.4     -8.02189e-09                   
17.45     -7.42725e-09                  
17.5     -6.8767e-09                    
17.55     -6.36696e-09                  
17.6     -5.895e-09                     
17.65     -5.45804e-09                  
17.7     -5.05346e-09                   
17.75     -4.67888e-09                  
17.8     -4.33206e-09                   
17.85     -4.01096e-09                  
17.9     -3.71366e-09                   
17.95     -3.43839e-09                  
18     -3.18353e-09                     
18.05     -2.94756e-09                  
18.1     -2.72909e-09                   
18.15     -2.52681e-09                  
18.2     -2.33952e-09                   
18.25     -2.16612e-09                  
18.3     -2.00557e-09                   
18.35     -1.85692e-09                  
18.4     -1.71929e-09                   
18.45     -1.59186e-09                  
18.5     -1.47387e-09                   
18.55     -1.36463e-09                  
18.6     -1.26349e-09                   
18.65     -1.16985e-09                  
18.7     -1.08314e-09                   
18.75     -1.00286e-09                  
18.8     -9.28538e-10                   
18.85     -8.5972e-10                   
18.9     -7.96002e-10                   
18.95     -7.37008e-10                  
19     -6.82386e-10                     
19.05     -6.31812e-10                  
19.1     -5.84987e-10                   
19.15     -5.41632e-10                  
19.2     -5.01491e-10                   
19.25     -4.64325e-10                  
19.3     -4.29913e-10                   
19.35     -3.98052e-10                  
19.4     -3.68552e-10                   
19.45     -3.41239e-10                  
19.5     -3.1595e-10                    
19.55     -2.92535e-10                  
19.6     -2.70855e-10                   
19.65     -2.50783e-10                  
19.7     -2.32198e-10                   
19.75     -2.1499e-10                   
19.8     -1.99058e-10                   
19.85     -1.84306e-10                  
19.9     -1.70648e-10                   
19.95     -1.58002e-10                  
20     -1.46293e-10                     
20.05     -1.35452e-10                  
20.1     -1.25414e-10                   
20.15     -1.1612e-10                   
20.2     -1.07515e-10                   
20.25     -9.95477e-11                  
20.3     -9.21708e-11                   
20.35     -8.53406e-11                  
20.4     -7.90165e-11                   
20.45     -7.31611e-11                  
20.5     -6.77397e-11                   
20.55     -6.272e-11                    
20.6     -5.80723e-11                   
20.65     -5.3769e-11                   
20.7     -4.97846e-11                   
20.75     -4.60955e-11                  
20.8     -4.26798e-11                   
20.85     -3.95172e-11                  
20.9     -3.65889e-11                   
20.95     -3.38777e-11                  
21     -3.13674e-11                     
21.05     -2.9043e-11                   
21.1     -2.6891e-11                    
21.15     -2.48984e-11                  
21.2     -2.30534e-11                   
21.25     -2.13452e-11                  
21.3     -1.97636e-11                   
21.35     -1.82991e-11                  
21.4     -1.69432e-11                   
21.45     -1.56878e-11                  
21.5     -1.45253e-11                   
21.55     -1.3449e-11                   
21.6     -1.24525e-11                   
21.65     -1.15298e-11                  
21.7     -1.06755e-11                   
21.75     -9.8845e-12                   
21.8     -9.15211e-12                   
21.85     -8.47398e-12                  
21.9     -7.8461e-12                    
21.95     -7.26474e-12                  
22     -6.72646e-12                     
22.05     -6.22807e-12                  
22.1     -5.76661e-12                   
22.15     -5.33934e-12                  
22.2     -4.94373e-12                   
22.25     -4.57743e-12                  
22.3     -4.23827e-12                   
22.35     -3.92425e-12                  
22.4     -3.63349e-12                   
22.45     -3.36427e-12                  
22.5     -3.11501e-12                   
22.55     -2.88421e-12                  
22.6     -2.67051e-12                   
22.65     -2.47265e-12                  
22.7     -2.28945e-12                   
22.75     -2.11982e-12                  
22.8     -1.96276e-12                   
22.85     -1.81734e-12                  
22.9     -1.68269e-12                   
22.95     -1.55802e-12                  
23     -1.44259e-12                     
23.05     -1.33571e-12                  
23.1     -1.23675e-12                   
23.15     -1.14512e-12                  
23.2     -1.06028e-12                   
23.25     -9.81721e-13                  
23.3     -9.08987e-13                   
23.35     -8.41641e-13                  
23.4     -7.79286e-13                   
23.45     -7.2155e-13                   
23.5     -6.68092e-13                   
23.55     -6.18594e-13                  
23.6     -5.72764e-13                   
23.65     -5.3033e-13                   
23.7     -4.91039e-13                   
23.75     -4.5466e-13                   
23.8     -4.20976e-13                   
23.85     -3.89787e-13                  
23.9     -3.60909e-13                   
23.95     -3.34171e-13                  
24     -3.09414e-13                     
24.05     -2.8649e-13                   
24.1     -2.65266e-13                   
24.15     -2.45613e-13                  
24.2     -2.27417e-13                   
24.25     -2.10569e-13                  
24.3     -1.94969e-13                   
24.35     -1.80525e-13                  
24.4     -1.67151e-13                   
24.45     -1.54768e-13                  
24.5     -1.43302e-13                   
24.55     -1.32685e-13                  
24.6     -1.22856e-13                   
24.65     -1.13754e-13                  
24.7     -1.05327e-13                   
24.75     -9.75239e-14                  
24.8     -9.0299e-14                    
24.85     -8.36094e-14                  
24.9     -7.74154e-14                   
24.95     -7.16803e-14                  
25     -6.63701e-14                     
25.05     -6.14533e-14                  
25.1     -5.69007e-14                   
25.15     -5.26854e-14                  
25.2     -4.87824e-14                   
25.25     -4.51685e-14                  
25.3     -4.18224e-14                   
25.35     -3.87241e-14                  
25.4     -3.58554e-14                   
25.45     -3.31992e-14                  
25.5     -3.07398e-14                   
25.55     -2.84626e-14                  
25.6     -2.63541e-14                   
25.65     -2.44018e-14                  
25.7     -2.25941e-14                   
25.75     -2.09203e-14                  
25.8     -1.93706e-14                   
25.85     -1.79356e-14                  
25.9     -1.66069e-14                   
25.95     -1.53767e-14                  
26     -1.42376e-14                     
26.05     -1.31829e-14                  
26.1     -1.22063e-14                   
26.15     -1.13021e-14                  
26.2     -1.04649e-14                   
26.25     -9.68965e-15                  
26.3     -8.97186e-15                   
26.35     -8.30725e-15                  
26.4     -7.69187e-15                   
26.45     -7.12207e-15                  
26.5     -6.59449e-15                   
26.55     -6.10598e-15                  
26.6     -5.65367e-15                   
26.65     -5.23486e-15                  
26.7     -4.84708e-15                   
26.75     -4.48802e-15                  
26.8     -4.15557e-15                   
26.85     -3.84774e-15                  
26.9     -3.56271e-15                   
26.95     -3.2988e-15                   
27     -3.05444e-15                     
27.05     -2.82818e-15                  
27.1     -2.61868e-15                   
27.15     -2.4247e-15                   
27.2     -2.24509e-15                   
27.25     -2.07878e-15                  
27.3     -1.92479e-15                   
27.35     -1.78221e-15                  
27.4     -1.6502e-15                    
27.45     -1.52796e-15                  
27.5     -1.41478e-15                   
27.55     -1.30998e-15                  
27.6     -1.21294e-15                   
27.65     -1.12309e-15                  
27.7     -1.0399e-15                    
27.75     -9.62871e-16                  
27.8     -8.91547e-16                   
27.85     -8.25507e-16                  
27.9     -7.64359e-16                   
27.95     -7.0774e-16                   
28     -6.55315e-16                     
28.05     -6.06774e-16                  
28.1     -5.61828e-16                   
28.15     -5.20212e-16                  
28.2     -4.81678e-16                   
28.25     -4.45999e-16                  
28.3     -4.12962e-16                   
28.35     -3.82373e-16                  
28.4     -3.5405e-16                    
28.45     -3.27825e-16                  
28.5     -3.03542e-16                   
28.55     -2.81058e-16                  
28.6     -2.60239e-16                   
28.65     -2.40963e-16                  
28.7     -2.23114e-16                   
28.75     -2.06588e-16                  
28.8     -1.91286e-16                   
28.85     -1.77117e-16                  
28.9     -1.63997e-16                   
28.95     -1.5185e-16                   
29     -1.40602e-16                     
29.05     -1.30188e-16                  
29.1     -1.20545e-16                   
29.15     -1.11616e-16                  
29.2     -1.03348e-16                   
29.25     -9.56932e-17                  
29.3     -8.86052e-17                   
29.35     -8.20421e-17                  
29.4     -7.59653e-17                   
29.45     -7.03385e-17                  
29.5     -6.51285e-17                   
29.55     -6.03044e-17                  
29.6     -5.58377e-17                   
29.65     -5.17018e-17                  
29.7     -4.78723e-17                   
29.75     -4.43264e-17                  
29.8     -4.10432e-17                   
29.85     -3.80031e-17                  
29.9     -3.51883e-17                   
29.95     -3.25819e-17                  
30     -3.01686e-17                     
30.05     -2.7934e-17                   
30.1     -2.5865e-17                    
30.15     -2.39492e-17                  
30.2     -2.21753e-17                   
30.25     -2.05328e-17                  
30.3     -1.9012e-17                    
30.35     -1.76038e-17                  
30.4     -1.62999e-17                   
30.45     -1.50926e-17                  
30.5     -1.39747e-17                   
30.55     -1.29396e-17                  
30.6     -1.19812e-17                   
30.65     -1.10938e-17                  
30.7     -1.02721e-17                   
30.75     -9.51129e-18                  
30.8     -8.80681e-18                   
30.85     -8.15451e-18                  
30.9     -7.55053e-18                   
30.95     -6.99128e-18                  
31     -6.47346e-18                     
31.05     -5.99399e-18                  
31.1     -5.55003e-18                   
31.15     -5.13896e-18                  
31.2     -4.75833e-18                   
31.25     -4.4059e-18                   
31.3     -4.07957e-18                   
31.35     -3.77741e-18                  
31.4     -3.49763e-18                   
31.45     -3.23857e-18                  
31.5     -2.9987e-18                    
31.55     -2.7766e-18                   
31.6     -2.57095e-18                   
31.65     -2.38053e-18                  
31.7     -2.20421e-18                   
31.75     -2.04096e-18                  
31.8     -1.88979e-18                   
31.85     -1.74982e-18                  
31.9     -1.62022e-18                   
31.95     -1.50022e-18                  
32     -1.3891e-18                      
32.05     -1.28622e-18                  
32.1     -1.19095e-18                   
32.15     -1.10275e-18                  
32.2     -1.02107e-18                   
32.25     -9.45446e-19                  
32.3     -8.75421e-19                   
32.35     -8.10583e-19                  
32.4     -7.50548e-19                   
32.45     -6.94959e-19                  
32.5     -6.43487e-19                   
32.55     -5.95827e-19                  
32.6     -5.51698e-19                   
32.65     -5.10836e-19                  
32.7     -4.73002e-19                   
32.75     -4.37969e-19                  
32.8     -4.05531e-19                   
32.85     -3.75496e-19                  
32.9     -3.47685e-19                   
32.95     -3.21934e-19                  
33     -2.98091e-19                     
33.05     -2.76013e-19                  
33.1     -2.5557e-19                    
33.15     -2.36642e-19                  
33.2     -2.19115e-19                   
33.25     -2.02887e-19                  
33.3     -1.8786e-19                    
33.35     -1.73947e-19                  
33.4     -1.61064e-19                   
33.45     -1.49135e-19                  
33.5     -1.38089e-19                   
33.55     -1.27862e-19                  
33.6     -1.18392e-19                   
33.65     -1.09624e-19                  
33.7     -1.01505e-19                   
33.75     -9.3987e-20                   
33.8     -8.70261e-20                   
33.85     -8.05807e-20                  
33.9     -7.46127e-20                   
33.95     -6.90867e-20                  
34     -6.39699e-20                     
34.05     -5.92322e-20                  
34.1     -5.48453e-20                   
34.15     -5.07833e-20                  
34.2     -4.70222e-20                   
34.25     -4.35397e-20                  
34.3     -4.0315e-20                    
34.35     -3.73292e-20                  
34.4     -3.45645e-20                   
34.45     -3.20046e-20                  
34.5     -2.96343e-20                   
34.55     -2.74395e-20                  
34.6     -2.54073e-20                   
34.65     -2.35256e-20                  
34.7     -2.17833e-20                   
34.75     -2.017e-20                    
34.8     -1.86762e-20                   
34.85     -1.7293e-20                   
34.9     -1.60122e-20                   
34.95     -1.48263e-20                  
35     -1.37283e-20                     
35.05     -1.27116e-20                  
35.1     -1.17701e-20                   
35.15     -1.08984e-20                  
35.2     -1.00913e-20                   
35.25     -9.34391e-21                  
35.3     -8.65189e-21                   
35.35     -8.01113e-21                  
35.4     -7.41782e-21                   
35.45     -6.86845e-21                  
35.5     -6.35977e-21                   
35.55     -5.88876e-21                  
35.6     -5.45264e-21                   
35.65     -5.04881e-21                  
35.7     -4.6749e-21                    
35.75     -4.32867e-21                  
35.8     -4.00809e-21                   
35.85     -3.71125e-21                  
35.9     -3.4364e-21                    
35.95     -3.1819e-21                   
36     -2.94625e-21                     
36.05     -2.72805e-21                  
36.1     -2.52601e-21                   
36.15     -2.33893e-21                  
36.2     -2.16571e-21                   
36.25     -2.00532e-21                  
36.3     -1.85681e-21                   
36.35     -1.71929e-21                  
36.4     -1.59196e-21                   
36.45     -1.47406e-21                  
36.5     -1.3649e-21                    
36.55     -1.26381e-21                  
36.6     -1.17021e-21                   
36.65     -1.08355e-21                  
36.7     -1.0033e-21                    
36.75     -9.28999e-22                  
36.8     -8.60199e-22                   
36.85     -7.96493e-22                  
36.9     -7.37506e-22                   
36.95     -6.82887e-22                  
37     -6.32313e-22                     
37.05     -5.85485e-22                  
37.1     -5.42125e-22                   
37.15     -5.01976e-22                  
37.2     -4.648e-22                     
37.25     -4.30377e-22                  
37.3     -3.98504e-22                   
37.35     -3.68992e-22                  
37.4     -3.41665e-22                   
37.45     -3.16362e-22                  
37.5     -2.92933e-22                   
37.55     -2.71238e-22                  
37.6     -2.51151e-22                   
37.65     -2.32551e-22                  
37.7     -2.15329e-22                   
37.75     -1.99382e-22                  
37.8     -1.84616e-22                   
37.85     -1.70944e-22                  
37.9     -1.58284e-22                   
37.95     -1.46562e-22                  
38     -1.35708e-22                     
38.05     -1.25658e-22                  
38.1     -1.16352e-22                   
38.15     -1.07735e-22                  
38.2     -9.97565e-23                   
38.25     -9.23688e-23                  
38.3     -8.55282e-23                   
38.35     -7.91942e-23                  
38.4     -7.33293e-23                   
38.45     -6.78987e-23                  
38.5     -6.28703e-23                   
38.55     -5.82143e-23                  
38.6     -5.39031e-23                   
38.65     -4.99112e-23                  
38.7     -4.62149e-23                   
38.75     -4.27924e-23                  
38.8     -3.96233e-23                   
38.85     -3.66889e-23                  
38.9     -3.39718e-23                   
38.95     -3.1456e-23                   
39     -2.91265e-23                     
39.05     -2.69695e-23                  
39.1     -2.49722e-23                   
39.15     -2.31228e-23                  
39.2     -2.14104e-23                   
39.25     -1.98248e-23                  
39.3     -1.83567e-23                   
39.35     -1.69973e-23                  
39.4     -1.57385e-23                   
39.45     -1.4573e-23                   
39.5     -1.34937e-23                   
39.55     -1.24944e-23                  
39.6     -1.15691e-23                   
39.65     -1.07124e-23                  
39.7     -9.91906e-24                   
39.75     -9.1845e-24                   
39.8     -8.50433e-24                   
39.85     -7.87453e-24                  
39.9     -7.29137e-24                   
39.95     -6.7514e-24                   
40     -6.25142e-24                     
40.05     -5.78847e-24                  
40.1     -5.3598e-24                    
40.15     -4.96287e-24                  
40.2     -4.59534e-24                   
40.25     -4.25503e-24                  
40.3     -3.93992e-24                   
40.35     -3.64815e-24                  
40.4     -3.37798e-24                   
40.45     -3.12782e-24                  
40.5     -2.89619e-24                   
40.55     -2.68171e-24                  
40.6     -2.48312e-24                   
40.65     -2.29923e-24                  
40.7     -2.12896e-24                   
40.75     -1.9713e-24                   
40.8     -1.82531e-24                   
40.85     -1.69014e-24                  
40.9     -1.56498e-24                   
40.95     -1.44908e-24                  
41     -1.34177e-24                     
41.05     -1.2424e-24                   
41.1     -1.1504e-24                    
41.15     -1.06521e-24                  
41.2     -9.86321e-25                   
41.25     -9.13279e-25                  
41.3     -8.45647e-25                   
41.35     -7.83022e-25                  
41.4     -7.25036e-25                   
41.45     -6.71343e-25                  
41.5     -6.21627e-25                   
41.55     -5.75593e-25                  
41.6     -5.32967e-25                   
41.65     -4.93499e-25                  
41.7     -4.56953e-25                   
41.75     -4.23113e-25                  
41.8     -3.9178e-25                    
41.85     -3.62767e-25                  
41.9     -3.35902e-25                   
41.95     -3.11027e-25                  
42     -2.87994e-25                     
42.05     -2.66667e-25                  
42.1     -2.46919e-25                   
42.15     -2.28634e-25                  
42.2     -2.11703e-25                   
42.25     -1.96025e-25                  
42.3     -1.81509e-25                   
42.35     -1.68067e-25                  
42.4     -1.55621e-25                   
42.45     -1.44097e-25                  
42.5     -1.33426e-25                   
42.55     -1.23545e-25                  
42.6     -1.14396e-25                   
42.65     -1.05925e-25                  
42.7     -9.80805e-26                   
42.75     -9.08172e-26                  
42.8     -8.40919e-26                   
42.85     -7.78646e-26                  
42.9     -7.20984e-26                   
42.95     -6.67592e-26                  
43     -6.18155e-26                     
43.05     -5.72378e-26                  
43.1     -5.29991e-26                   
43.15     -4.90744e-26                  
43.2     -4.54402e-26                   
43.25     -4.20752e-26                  
43.3     -3.89594e-26                   
43.35     -3.60743e-26                  
43.4     -3.34029e-26                   
43.45     -3.09293e-26                  
43.5     -2.86389e-26                   
43.55     -2.65181e-26                  
43.6     -2.45543e-26                   
43.65     -2.2736e-26                   
43.7     -2.10523e-26                   
43.75     -1.94933e-26                  
43.8     -1.80498e-26                   
43.85     -1.67132e-26                  
43.9     -1.54755e-26                   
43.95     -1.43295e-26                  
44     -1.32683e-26                     
44.05     -1.22858e-26                  
44.1     -1.1376e-26                    
44.15     -1.05336e-26                  
44.2     -9.75352e-27                   
44.25     -9.03124e-27                  
44.3     -8.36245e-27                   
44.35     -7.74319e-27                  
44.4     -7.16979e-27                   
44.45     -6.63884e-27                  
44.5     -6.14722e-27                   
44.55     -5.692e-27                    
44.6     -5.27049e-27                   
44.65     -4.8802e-27                   
44.7     -4.51881e-27                   
44.75     -4.18418e-27                  
44.8     -3.87433e-27                   
44.85     -3.58743e-27                  
44.9     -3.32177e-27                   
44.95     -3.07578e-27                  
45     -2.84801e-27                     
45.05     -2.63711e-27                  
45.1     -2.44183e-27                   
45.15     -2.26101e-27                  
45.2     -2.09357e-27                   
45.25     -1.93854e-27                  
45.3     -1.79499e-27                   
45.35     -1.66206e-27                  
45.4     -1.53898e-27                   
45.45     -1.42502e-27                  
45.5     -1.31949e-27                   
45.55     -1.22178e-27                  
45.6     -1.13131e-27                   
45.65     -1.04753e-27                  
45.7     -9.69959e-28                   
45.75     -8.98132e-28                  
45.8     -8.31623e-28                   
45.85     -7.7004e-28                   
45.9     -7.13017e-28                   
45.95     -6.60217e-28                  
46     -6.11327e-28                     
46.05     -5.66057e-28                  
46.1     -5.24139e-28                   
46.15     -4.85326e-28                  
46.2     -4.49387e-28                   
46.25     -4.16109e-28                  
46.3     -3.85295e-28                   
46.35     -3.56764e-28                  
46.4     -3.30345e-28                   
46.45     -3.05882e-28                  
46.5     -2.83231e-28                   
46.55     -2.62257e-28                  
46.6     -2.42837e-28                   
46.65     -2.24854e-28                  
46.7     -2.08204e-28                   
46.75     -1.92786e-28                  
46.8     -1.7851e-28                    
46.85     -1.65291e-28                  
46.9     -1.53051e-28                   
46.95     -1.41717e-28                  
47     -1.31223e-28                     
47.05     -1.21506e-28                  
47.1     -1.12508e-28                   
47.15     -1.04177e-28                  
47.2     -9.64623e-29                   
47.25     -8.93191e-29                  
47.3     -8.27049e-29                   
47.35     -7.65805e-29                  
47.4     -7.09097e-29                   
47.45     -6.56587e-29                  
47.5     -6.07966e-29                   
47.55     -5.62946e-29                  
47.6     -5.21259e-29                   
47.65     -4.82659e-29                  
47.7     -4.46918e-29                   
47.75     -4.13823e-29                  
47.8     -3.83179e-29                   
47.85     -3.54805e-29                  
47.9     -3.28531e-29                   
47.95     -3.04203e-29                  
48     -2.81677e-29                     
48.05     -2.60818e-29                  
48.1     -2.41504e-29                   
48.15     -2.23621e-29                  
48.2     -2.07062e-29                   
48.25     -1.91729e-29                  
48.3     -1.77531e-29                   
48.35     -1.64385e-29                  
48.4     -1.52212e-29                   
48.45     -1.40941e-29                  
48.5     -1.30504e-29                   
48.55     -1.2084e-29                   
48.6     -1.11892e-29                   
48.65     -1.03606e-29                  
48.7     -9.5934e-30                    
48.75     -8.883e-30                    
48.8     -8.22521e-30                   
48.85     -7.61613e-30                  
48.9     -7.05215e-30                   
48.95     -6.52994e-30                  
49     -6.0464e-30                      
49.05     -5.59866e-30                  
49.1     -5.18408e-30                   
49.15     -4.80019e-30                  
49.2     -4.44474e-30                   
49.25     -4.11561e-30                  
49.3     -3.81084e-30                   
49.35     -3.52865e-30                  
49.4     -3.26735e-30                   
49.45     -3.02541e-30                  
49.5     -2.80137e-30                   
49.55     -2.59393e-30                  
49.6     -2.40185e-30                   
49.65     -2.22399e-30                  
49.7     -2.05931e-30                   
49.75     -1.90682e-30                  
49.8     -1.76562e-30                   
49.85     -1.63487e-30                  
49.9     -1.51381e-30                   
49.95     -1.40171e-30                  
50     -1.29792e-30                     
